Humanities 
                  Regular  (02-02-2026)
URL: https://www.biek.edu.pk/Result-2025/Supply/HTR/RESULT-GAZZETTE-HUMANITIES-REGULAR-HSC-PART-II-SUPPLEMENTARY-2025.pdf
Source: https://www.biek.edu.pk/Result-Declaration-default.asp

1
NOTE: MARKS OBTAINED BY ALL THE SUCCESSFUL CANDIDATES ARE INDICATED WITHIN
MARKS) TO RAISE THEIR GRADES IN HARDSHIP CASES ARE INDICATED WITH PLUS(+) SIGN AND
PARANTHESIS AGAINST THEIR ROLL NUMBER AND THE EXTRA MARKS GIVEN (MAXIMUM FIVE
CANDIDATES BEARING THE FOLLOWING ROLL NUMBERS ARE DECLARED TO HAVE
PASSED THE INTERMEDIATE HUMANITIES (REGULAR) GROUP PART - II (CLASS XII)
SUPPLEMENTARY EXAMINATION 2025.
505317(630)
505319(606)
505320(640)
505903(592)
506889(587)
505155(568)
505312(549+ 1)
505313(564)
505314(548+ 2)
505315(584)
506890(584)
507202(641)
507203(572)
507204(584)
507332(623)
508567(560)
508581(585)
509091(548+ 2)
509096(581)
509099(571)
507423(567)
507946(615)
508261(567)
508381(585)
508565(549+ 1)
504584(597)
504587(653)
504893(643^ 1)
504894(601)
504898(586)
502491(619)
502492(649)
502493(620)
502653(576)
502655(574)
502656(599)
502664(558)
502667(570)
502671(577)
503405(608^ 1)
503421(583)
503423(647)
503992(571)
504082(617)
504581(584)
503408(619)
503409(641)
503412(598)
503416(599)
503417(618)
509100(618)
509104(623)
510111(633)
510115(647)
510135(624)
510703(645)
510961(623)
511031(566)
511311(571)
511316(559)
500001(549+ 1)
500002(647)
500003(636)
500005(589)
500007(593)
500838(597)
500839(608)
500840(579)
501671(556)
502291(580)
500832(575)
500833(620)
500834(581)
500835(572)
500836(617)
500010(555)
500012(645)
500015(578)
500016(562)
500017(609)
Grade : C
505326(684)
505327(678)
505329(659+ 1)
507331(662)
508382(714)
509101(714)
509105(712)
510112(713)
511683(683)
511821(673)
511829(736)
511831(708)
512254(679)
512257(655+ 5)
514335(663)
500014(659+ 1)
502096(701)
503401(733)
503402(667)
503404(702)
503406(688)
503411(716)
503419(753)
503420(736)
503422(685)
504585(667)
504892(672)
504895(702)
504896(736)
504897(684)
533607(709)
539013(709)
540902(699)
541113(763)
541711(659+ 1)
542102(657+ 3)
543194(731)
544577(699)
544713(661)
548741(669)
548742(701)
553507(674)
554041(695)
556523(671)
***********
527200(700)
527942(689)
527943(682)
530831(685)
532063(704)
514344(676)
516282(666)
516474(734)
516481(711)
518803(662)
519410(688)
522471(662)
522472(670)
522476(692)
524030(706)
524041(703)
525276(719)
525277(655+ 5)
525796(662)
527193(673)
Grade : B
504348(781)
511827(780)
516473(819)
544576(766+ 4)
554036(773)
Grade : A
****NIL****
Grade : A-1
500001 - 591999
GRACE MARKS CASES ARE INDICATED WITH CARET(^) SIGN
2
541712(599)
541851(562)
542012(607)
542101(637)
542825(556)
540080(594)
540745(552)
541112(554)
541375(604)
541377(653)
542961(560)
543191(563)
543378(545+ 5)
543561(644)
543789(549+ 1)
545082(607)
545083(599)
545271(547+ 3)
546001(630)
546717(596)
544366(625)
544367(601)
544572(548+ 2)
544574(551)
544575(609)
536630(575)
536631(629)
536634(545+ 5)
536636(631)
536640(648)
535865(610)
535872(617)
535873(552)
535887(577)
536621(591)
537053(578)
537056(577)
537060(553)
537334(549+ 1)
537336(617)
539540(592)
539784(579)
539785(601)
540063(654)
540077(639)
537337(561)
537374(549+ 1)
537397(591)
539151(608)
539152(616)
546934(586)
546935(609)
546936(591)
546937(647)
546938(583)
560424(592)
560866(590)
561434(615)
561435(557)
562654(556)
558984(548+ 2)
559595(559)
559596(583)
560131(629)
560421(607)
562658(581)
563092(560)
563097(570)
563912(569)
564455(640)
564460(580)
564734(579)
564871(563)
578221(565)
579912(581)
549891(605)
549965(623)
551403(556)
551406(552)
551408(578)
547561(549+ 1)
547562(573)
547563(574)
547765(583)
548961(549+ 1)
551791(604)
551794(547+ 3)
553501(567)
553508(580)
553516(588)
556412(551)
556521(613)
556522(593)
557720(560)
558375(582)
554038(595)
554042(583)
554433(584)
554812(632)
554902(630)
534320(603)
534623(567)
534638(628)
535032(580)
535334(619)
516835(570)
517251(622)
517732(574)
518801(605)
519409(622^ 1)
515208(559)
515213(635)
515522(588)
515823(613)
516485(585)
519774(570)
519777(545+ 5)
520082(646)
520465(546+ 4)
520471(548+ 2)
522474(639)
522545(556)
522547(606)
522556(584)
523689(576)
520472(598)
520490(555)
521931(559)
522073(548+ 2)
522231(576)
514326(571)
514337(563)
514342(591)
515206(593)
515207(612)
511824(568)
511825(625)
511826(649)
511828(634)
512251(628)
511320(582)
511322(592)
511681(596)
511682(588)
511822(648)
512253(594)
512259(566)
512265(583)
512271(555)
512280(593)
513782(647)
514055(545+ 5)
514056(623)
514312(621)
514324(586)
513264(552)
513271(583)
513274(589)
513278(600)
513781(620)
531027(617)
531624(593)
532387(571)
532701(595)
532702(615)
529026(579)
529641(625)
530761(606)
531019(604)
531021(565)
533062(635)
533064(595)
533065(571)
533066(592)
533483(651)
533612(568)
533613(567)
533622(554)
533626(616)
534313(634)
533592(575)
533596(628)
533603(546+ 4)
533606(640)
533608(565)
527217(550)
527220(591)
527944(573)
528182(577)
529024(581)
524058(545+ 5)
525125(554)
525262(614)
525268(571)
525270(582)
524018(558)
524020(599)
524034(549+ 1)
524040(548+ 2)
524054(574)
525281(622)
525974(581)
526921(641)
526922(577)
527186(570)
527203(620)
527208(554)
527209(561)
527211(561)
527214(553)
527195(649)
527196(596)
527198(584)
527199(604)
527201(567)
3
514053(477^ 3)
514057(450)
514060(474)
514061(474)
514062(536)
513279(464)
513280(528)
513778(499)
513780(493)
514052(487)
514317(470)
514319(475)
514325(539)
514327(461)
514333(491)
515204(489)
515209(470)
515212(496)
515523(471)
515721(538)
514336(482)
514338(537)
514340(532)
514346(489)
515203(493)
513133(478)
513134(471)
513262(527)
513268(487)
513270(500)
511830(518)
511832(460)
512256(465)
512258(467)
512260(500)
512261(468)
512262(448^ 2)
512263(515)
512264(493)
512266(532)
512282(510)
512891(471)
512991(457)
512993(462)
513131(543)
512268(498)
512269(486)
512270(536)
512274(485)
512277(517)
515722(439+ 1)
515811(483)
515812(524)
515815(475)
515817(470)
519401(532)
519403(507)
519404(503)
519405(440)
519406(497^ 1)
518319(450)
518321(468)
518322(496)
518912(481)
519246(486)
519411(518)
519414(437+ 3)
519416(522)
519417(482)
519421(479)
518031(494)
518101(498)
518103(506)
518241(542)
518316(477)
516285(473)
516471(517)
516475(522)
516478(531)
516486(479)
515820(533)
515821(440)
516055(503)
516191(524)
516281(440^ 3)
516831(534)
516833(533)
516834(476)
516836(524)
516846(449)
517733(438+ 2)
517734(487)
517842(451)
517844(499)
517845(440)
517242(489)
517243(487)
517250(497)
517253(514)
517254(542)
502658(479)
502660(444)
502662(469)
502665(525)
502666(501)
502095(518)
502294(458)
502296(449)
502298(462)
502651(518)
502668(518)
502669(494)
502672(465)
502673(459)
503091(469)
504081(510)
504343(461)
504582(476)
504583(491)
504589(521)
503097(544)
503100(540)
503407(523)
503413(510)
503415(499)
500004(493)
500006(528)
500011(527)
500013(513)
500019(482)
511036(501)
511301(448)
511314(523)
511318(488)
511321(531)
500020(521)
500501(447)
500502(449)
500503(471)
500505(516)
500843(524)
501203(516)
501206(490)
501209(445)
501210(435+ 5)
500507(541)
500651(541)
500831(518)
500837(522)
500841(511)
504891(539)
505151(509)
505152(485)
505311(471)
505321(532)
509092(521)
509094(506)
509431(514)
510042(537)
510114(502)
508566(538)
508569(529)
508571(477)
508573(525)
508574(439+ 1)
510116(435+ 5)
510120(519)
510121(528)
510122(487)
510124(490)
510140(540)
510705(437+ 3)
510706(450)
510711(542)
511034(469)
510126(473)
510129(452)
510133(487)
510134(537)
510137(475)
506116(521)
506117(463)
506120(449)
506122(503)
506381(482)
505322(443)
505324(523)
505905(521)
506111(529)
506114(465)
506382(498)
506703(536)
506883(518)
507422(475)
507425(530)
507954(527)
507955(464)
508383(464^ 1)
508561(519)
508563(492)
507943(486)
507944(499^ 1)
507945(539)
507951(496)
507953(464)
Grade : D
580032(587)
584093(590)
586855(549+ 1)
589051(602)
4
530222(461)
530226(510)
530762(522)
531007(478)
531013(491)
529040(455)
529041(518)
529642(447)
529646(474)
530221(482)
531015(445)
531018(531)
531020(523)
531025(443^ 2)
531026(496)
532061(440)
532062(437+ 3)
532066(470)
532069(517)
532382(465)
531614(472)
531615(442)
531616(501)
531621(484)
531622(490)
528453(499)
528454(530)
528581(459)
529031(466)
529038(439+ 1)
527190(544)
527192(520)
527194(490)
527197(506)
527204(459)
527205(463)
527206(498)
527216(464)
527218(481)
527219(470)
528181(474)
528271(533)
528272(508)
528273(518)
528452(476)
527222(534)
527945(459)
527946(453)
527949(480)
527950(504)
532385(441)
532389(540)
532390(509)
532391(440)
532393(486)
535322(516^ 2)
535324(494^ 2)
535325(519)
535331(514^ 2)
535862(501)
535031(507)
535034(521)
535035(452)
535036(482)
535321(462)
535864(515)
535866(529)
535867(445)
535869(497)
535870(510)
534321(481)
534628(540)
534630(514)
534633(519)
534634(501)
532883(436+ 4)
533067(525)
533070(478)
533072(455)
533591(454)
532394(528)
532703(476)
532706(457)
532707(516)
532882(479)
533594(544)
533595(502)
533604(488)
533605(449)
533611(455)
533625(514)
533630(478)
534311(479)
534318(540)
534319(486)
533614(489)
533615(489)
533617(464)
533623(538)
533624(527)
520500(504)
520504(521)
520505(522)
520510(532)
522072(486)
520487(465)
520494(513)
520495(439+ 1)
520497(511)
520498(520)
522301(454)
522541(482)
522542(524)
522544(468)
522548(495)
522565(439+ 1)
522566(472)
522567(448)
522569(517)
522571(436+ 4)
522550(442)
522555(472)
522557(536)
522561(490)
522563(477)
520467(480)
520468(497)
520469(475)
520479(513)
520484(463)
519422(488)
519423(461)
519424(517)
519771(463)
519772(493)
526923(460)
526924(461)
526925(443)
526927(451)
527182(456)
519775(535)
519776(501)
519779(514)
519780(438+ 2)
519783(448)
520080(481)
520083(511)
520087(491)
520462(465)
520466(501)
520071(532)
520072(466)
520073(463)
520076(486)
520079(484)
522573(462)
522574(495)
523332(468)
523402(498)
523403(470)
525280(474)
525282(511)
525285(442)
525286(527)
525794(465)
525271(531)
525272(476)
525273(461)
525278(459)
525279(452)
525797(464)
525971(490)
525972(465)
525973(463)
525976(457)
526534(544)
526535(511)
526539(493)
526541(487)
526544(519^ 3)
525977(536)
525978(439+ 1)
525979(522)
525982(475)
525985(507)
525127(490)
525264(473)
525265(531)
525266(521)
525269(455)
523685(498)
523686(452)
523688(444)
523692(437+ 3)
524001(471)
523404(522)
523405(458)
523542(444)
523682(439+ 1)
523684(463)
524003(469)
524006(496)
524016(445)
524019(478)
524023(487)
524038(472)
524042(472)
524056(516)
524057(459)
525122(470)
524024(505)
524027(488)
524028(540)
524029(479)
524032(526)
5
551064(446)
551171(525)
551172(455)
551581(462^ 2)
551585(540)
550205(489)
550343(436+ 4)
550471(436+ 4)
550634(477)
550741(450)
551586(533)
551784(443)
551786(462)
551789(485^ 1)
551793(523)
553502(458)
553504(536)
553510(504)
553515(507)
553741(507)
551797(493)
552743(520)
552744(532)
553391(497)
553392(491)
549681(519)
549962(482)
549966(443)
549967(517)
550201(480)
546716(528)
546939(454)
547322(444)
547327(520)
547329(511)
547565(490)
547569(461)
547764(527)
547768(455)
548242(488)
548951(437+ 3)
548962(472)
549401(501)
549402(468)
549405(464)
548431(453)
548432(538)
548433(436+ 4)
548436(471)
548652(466)
553871(444)
553877(499)
554032(498)
554033(466)
554034(502)
558281(535)
558372(501)
558377(480)
558891(471^ 1)
558987(494)
557621(475)
557711(498)
557718(536)
557721(527)
557724(534)
559311(447)
559431(518)
559582(504)
559583(471)
559587(536)
557151(452)
557153(436+ 4)
557154(455)
557156(441)
557159(483)
554905(478)
554906(444)
554907(508)
554908(524)
555091(489)
554039(492)
554431(492)
554434(498)
554811(437+ 3)
554901(475)
555092(446)
555489(464)
555490(447^ 3)
555934(460)
555943(512)
556738(465)
557142(496)
557144(472)
557145(455)
557147(455)
555948(444)
555951(465)
556413(489)
556414(474)
556732(444)
537352(445)
537355(470)
537357(530)
537361(504)
537362(475)
537340(529)
537342(500)
537344(484)
537347(435+ 5)
537348(438+ 2)
537363(466)
537365(539^ 1)
537366(504)
537367(457)
537377(504)
537390(463)
537391(467)
537396(537)
537399(452)
537400(465^ 3)
537382(520)
537383(454)
537387(478)
537388(486)
537389(459^ 2)
537052(504)
537062(445)
537331(479)
537338(507)
537339(478)
535871(452)
535876(471)
535877(461)
535878(506)
535884(438+ 2)
546005(495)
546006(526)
546234(486)
546711(470)
546714(519)
535886(542)
535888(456)
535890(464)
535892(463)
535894(523)
536637(454)
536638(531)
536639(539)
536641(502)
537051(489)
536622(488)
536623(502)
536626(544)
536627(465)
536635(438+ 2)
537401(507)
539011(486)
539153(483)
539531(526)
539537(537)
544154(525)
544361(528)
544362(486)
544363(495)
544364(496)
543786(528)
543787(497)
543788(504)
544152(473)
544153(447)
544365(537)
544711(537)
544714(543)
544901(502)
544992(496)
545786(511)
545788(521)
546002(525)
546003(540)
546004(502)
545272(495)
545464(458)
545466(479)
545621(539)
545784(503)
543193(476)
543372(485)
543375(539)
543377(475)
543784(435+ 5)
540071(479)
540073(475)
540075(514)
540079(459)
540081(503)
539539(449)
539781(529)
540062(453)
540069(491)
540070(447)
540084(472^ 3)
540086(475)
540088(485)
540743(501)
540744(534)
542293(478)
542481(522)
542751(477)
542823(491)
543142(437+ 3)
541041(484)
541182(538)
541372(467)
542013(460)
542292(504)
6
535880(401^ 3)
535893(413)
536628(392^ 3)
536629(428)
537054(414)
534624(427)
534627(430)
535327(423)
535329(414)
535863(430)
537057(435^ 3)
537061(405)
537345(423)
537369(390)
537372(400)
539783(398^ 3)
540064(427)
542296(410)
542962(375)
543374(409^ 2)
537381(404)
537393(433)
538921(405)
539411(416)
539534(414)
533602(427)
533618(418)
533629(414)
534316(421^ 2)
534317(387)
524012(405)
525123(429)
525275(431^ 3)
525287(432)
526532(396)
526540(403)
526928(434)
526929(425)
527183(412^ 1)
527188(427)
529643(433)
531628(423)
533069(423)
533598(428)
533601(432)
527221(425)
528275(430)
528277(408^ 1)
528912(418)
529039(417)
543376(428^ 3)
545274(395)
545275(436^ 2)
545623(407)
545790(434)
560422(376)
561424(429)
561428(430)
562233(410)
563094(430)
557725(434)
558571(415)
559585(393)
559943(397)
560121(422^ 1)
564452(416)
564454(434)
564459(434)
564462(432)
578761(416)
557150(418)
557152(427)
557714(421)
557715(433)
557716(432)
550203(411)
550204(427)
550344(421)
550472(410)
551402(420)
546713(428)
546941(430)
547568(430)
549404(432)
549961(423)
551407(415)
551584(425)
551781(401)
551782(387)
552151(428)
555493(434)
555949(416)
557001(390)
557146(431)
557149(407)
552221(415)
552564(419)
554031(428)
554903(422)
555484(422)
500018(414)
502657(405)
505153(418^ 2)
505330(418)
506887(424)
520077(411)
520078(420)
520499(432)
522473(434)
523683(431)
507952(417)
508562(406^ 6)
508576(398)
508577(397^ 3)
509671(432^ 2)
516480(408)
516482(418)
516845(433)
518106(426)
519782(409)
511032(416^ 2)
512272(413)
513263(419)
514334(409)
514343(419)
Grade : E
561421(528)
561430(522)
561812(534)
561931(495)
562237(465)
560871(546^ 1)
560872(491)
560873(494)
561181(476)
561184(468)
562879(503)
563093(525)
563096(448)
563099(538)
563732(464)
562542(531)
562655(477)
562657(506)
562659(513)
562874(461)
560052(467)
560122(509)
560126(446)
560133(472)
560134(463)
559588(442)
559591(436+ 4)
559592(544)
559594(469)
559941(450)
560862(523)
560863(539)
560865(468)
560869(480)
560870(459)
560425(535)
560552(476)
560666(470)
560667(494)
560861(512)
588482(462)
589231(458)
589301(454)
589511(436+ 4)
589513(464)
586851(478)
587412(464)
588021(495^ 3)
588161(498)
588481(445)
590481(464)
590482(440)
590572(524)
590861(460)
590283(456)
590284(491)
590373(469)
590374(543)
590376(486)
585533(452)
586195(443)
586571(470)
586572(468)
586641(443)
564453(491)
564457(479)
579621(448)
579672(502)
580452(484)
564152(517)
564153(438+ 2)
564311(457)
564312(453)
564313(507)
584252(454)
584253(462^ 3)
584701(435+ 5)
584822(459)
585531(508^ 1)
581052(481)
582181(460)
582901(462)
582905(450)
584094(439+ 1)
7
590281(424)
590483(418)
586192(423)
586194(399)
587411(404)
588022(418)
589372(417)
581145(407)
581146(381)
581522(416)
583281(428)
586191(405)
579622(407)
579671(415)
579911(416)
580631(433)
581141(418)
.
