Science 
                  General  (02-02-2026)
URL: https://www.biek.edu.pk/Result-2025/Supply/SG/RESULT-GAZZETTE-SCIENCE-GENERAL-HSC-PART-II-SUPPLEMENTARY-2025.pdf
Source: https://www.biek.edu.pk/Result-Declaration-default.asp

1
NOTE: MARKS OBTAINED BY ALL THE SUCCESSFUL CANDIDATES ARE INDICATED WITHIN
MARKS) TO RAISE THEIR GRADES IN HARDSHIP CASES ARE INDICATED WITH PLUS(+) SIGN AND
PARANTHESIS AGAINST THEIR ROLL NUMBER AND THE EXTRA MARKS GIVEN (MAXIMUM FIVE
CANDIDATES BEARING THE FOLLOWING ROLL NUMBERS ARE DECLARED TO HAVE
PASSED THE INTERMEDIATE SCIENCE (SCIENCE GENERAL) GROUP PART - II (CLASS
XII) SUPPLEMENTARY EXAMINATION 2025.
433204(657+ 3)
433316(674)
433329(674)
433338(706)
433344(696)
430936(668)
430949(662)
431589(671)
431864(710)
433203(696)
434522(731)
434523(719)
434724(714)
434729(661)
435061(693)
433881(712)
434060(675)
434512(686)
434515(724)
434519(742)
430187(689)
430446(711)
430468(678)
430921(657+ 3)
430923(726)
426312(662)
426316(708)
426317(679)
427335(666)
427767(695)
425062(676)
425563(656+ 4)
426281(682)
426297(708)
426300(686)
428764(670)
428831(703)
428835(689)
428984(712)
429133(669)
427772(754)
427775(662)
427823(690)
428761(668)
428763(695)
437041(690)
437140(656+ 4)
437144(696)
437224(673)
438651(729)
445651(677)
445912(728)
446546(656+ 4)
446777(663)
447033(697)
438678(681)
439422(672)
440678(702)
440701(655+ 5)
442653(660)
424271(715)
424274(688)
424275(661)
424419(673)
424681(673)
407615(717)
407617(677)
408391(738)
408393(738)
408442(659+ 1)
406988(702)
406989(674)
406992(677)
406997(732)
407292(692)
408733(680)
408734(694)
408740(734)
408759(658+ 2)
410323(662)
408445(717)
408448(667)
408453(669)
408454(659+ 1)
408671(681)
401718(702)
404471(681)
404487(710)
404721(709)
404730(664)
400272(660)
401672(683)
401684(672)
401690(688)
401709(693)
405373(658+ 2)
405693(687)
405836(692)
406638(679)
406985(657+ 3)
404736(678)
404739(727)
404741(703)
405362(669)
405367(658+ 2)
414843(665)
415036(672)
415045(660)
415602(691)
415603(664)
414011(680)
414034(674)
414036(717)
414045(659+ 1)
414047(680)
419367(762)
420781(708)
423440(671)
423441(656+ 4)
424087(684)
416273(659+ 1)
416921(677)
417007(677)
419337(666)
419352(661)
412304(656+ 4)
412305(658+ 2)
412307(659+ 1)
412309(690)
412551(665)
410674(699)
412295(659+ 1)
412296(663)
412297(659+ 1)
412298(684)
412787(685)
413146(747)
413583(674)
413585(727)
413868(702)
412620(676)
412775(666)
412781(723)
412782(690)
412785(673)
Grade : B
405692(835)
408392(813)
414053(771)
415835(784)
422571(780)
432608(791)
451044(836)
452173(784)
***********
Grade : A
****NIL****
Grade : A-1
400001 - 497999
GRACE MARKS CASES ARE INDICATED WITH CARET(^) SIGN
2
404752(597)
404755(580^ 2)
404756(572)
405231(552)
405232(639)
404742(564)
404744(632)
404746(633)
404747(585)
404750(590)
405233(562)
405237(613)
405366(562)
405368(604)
405369(553)
405694(620)
405783(586)
405787(621)
405788(604)
405792(648)
405374(588)
405376(553)
405377(556)
405378(633)
405691(629)
404729(602)
404731(648)
404732(642)
404734(570)
404737(563)
404474(548+ 2)
404475(610)
404477(647)
404478(560)
404480(645)
404481(587)
404482(630)
404483(579)
404484(577)
404485(592)
404717(585)
404718(622)
404720(594)
404722(597)
404727(619)
404486(586)
404711(644)
404712(561)
404713(599)
404716(559)
405810(630)
405813(555)
405814(621)
405815(577)
405818(596)
407284(598)
407612(588)
407614(576)
407616(624)
407714(553)
406999(631)
407222(548+ 2)
407274(596)
407281(582)
407282(652)
407994(632)
408002(574)
408351(639)
408441(602)
408443(636)
406986(569)
406990(631)
406991(648)
406993(563)
406995(652)
405841(578)
405843(569)
405845(584)
405849(553)
405850(548+ 2)
405822(640)
405829(566)
405835(573)
405837(550)
405840(551)
405852(561)
406581(557)
406633(630)
406635(623)
406636(551)
406652(622)
406921(549+ 1)
406922(585)
406923(556)
406983(592)
406640(559)
406644(574)
406646(638)
406648(583)
406650(563)
400283(556)
400285(575)
400291(620)
400297(632)
400300(640)
400305(627)
400307(610)
400309(565)
400310(561)
400312(568)
400326(584)
401222(570)
401223(547+ 3)
401225(559)
401228(592)
400273(599)
400274(592)
400277(564)
400279(579)
400282(557)
403688(545+ 5)
404221(581)
404381(568)
404472(645)
404473(623)
400243(554)
400244(651)
400245(614)
400254(553)
400262(565)
400266(545+ 5)
400268(578)
400269(577)
400270(639)
400271(585)
401231(546+ 4)
401673(554)
401674(555)
401675(576^ 3)
401677(561)
402738(564)
403017(613)
403020(562)
403201(554)
403354(590)
403356(577)
403362(559)
403365(545+ 5)
403648(553)
403652(612)
403659(555)
403661(547+ 3)
403663(569)
403677(554)
403680(555)
402661(642)
402733(620)
402734(597)
402736(600)
402737(557)
401678(547+ 3)
401680(590)
401683(627)
401687(627)
401688(606)
401691(592)
401692(595)
401693(604)
401695(585)
401701(550)
401704(584)
401714(604)
401719(610)
402406(617)
402551(569)
Grade : C
453764(678)
453766(758)
454295(664)
458101(722)
458452(744)
453456(667)
453751(695)
453752(725)
453759(717)
453760(669)
447947(657+ 3)
448421(659+ 1)
449718(695)
449746(668)
449760(726)
464493(676)
464502(677)
464505(706)
464508(655+ 5)
464509(698)
464792(665)
465011(661)
458701(687)
458702(695)
459347(674)
459395(692)
460041(704)
462192(687)
462851(661)
463332(661)
463333(703)
463481(700)
3
414841(580)
414844(639)
414845(592)
414846(550)
414847(631)
414051(616)
414054(653)
414055(591)
414056(573)
414060(567)
415032(596)
415035(638)
415041(566)
415042(580)
415046(572)
415293(568)
415294(622)
415295(554)
415296(550)
415381(557)
415047(581)
415049(614)
415050(596)
415291(578)
415292(579)
414042(651)
414044(613)
414048(598)
414049(643)
414050(641)
413866(566)
413994(592)
413995(595)
413999(604)
414000(560)
414002(633)
414004(587)
414006(545+ 5)
414010(645)
414012(617)
414024(582)
414027(550)
414032(570)
414035(636)
414041(614)
414013(626)
414014(574)
414020(609)
414021(626)
414022(576)
415382(595)
415383(566)
415386(552)
415591(628)
415592(616)
418142(648)
418144(584)
418146(589)
418148(559)
418261(632)
417911(643)
417912(558)
417913(560)
417917(555)
418141(649)
418361(574)
418435(588)
418436(546+ 4)
418441(567)
418452(558)
417018(601)
417044(582)
417902(649)
417906(553)
417909(564)
415605(629)
415821(635)
415841(565)
415842(553)
415845(617)
415593(570)
415595(573)
415596(584)
415598(553)
415600(570)
415849(555)
415857(605)
416271(580)
416272(557)
416274(621)
417004(582)
417005(550)
417009(574)
417012(570)
417014(563)
416275(642)
416488(550)
416977(555)
416996(557)
416999(565)
408835(593)
408836(594)
408842(643)
408844(567)
408847(546+ 4)
408824(591)
408825(645)
408826(552)
408827(556)
408831(552)
409984(591)
409987(625)
409988(576)
409996(611)
410321(607)
410328(560)
410331(612)
410332(587)
410335(572)
410522(599)
410322(591)
410324(618)
410325(597)
410326(563)
410327(605)
408803(559)
408804(557)
408809(641)
408813(605)
408816(562)
408444(612)
408447(619^ 1)
408449(583)
408451(553)
408452(648)
413582(613)
413586(552)
413863(632)
413864(560)
413865(651)
408612(632)
408735(549+ 1)
408737(593)
408742(573)
408758(550)
408777(584)
408779(633)
408796(621)
408797(596)
408799(592)
408769(643)
408770(601)
408771(580)
408772(636)
408775(643)
410523(588)
410525(580)
410527(634)
410529(621)
410678(565)
412777(565)
412779(564)
412780(587)
412783(582)
412784(638)
412619(555)
412771(608)
412772(580)
412773(576)
412774(566)
412786(610)
412971(595)
412972(569)
412975(591)
413144(556)
413160(576)
413162(550)
413403(597)
413404(604)
413581(552)
413145(600)
413147(567)
413151(582)
413152(571)
413153(572)
412552(558)
412553(639)
412616(621)
412617(599)
412618(639)
411284(606)
411287(574)
411288(575)
411305(551)
411309(549+ 1)
410680(600)
410681(607)
410854(582)
411122(628)
411123(569)
411318(599)
411321(558)
411886(612)
412092(545+ 5)
412093(565)
412301(546+ 4)
412303(621)
412306(546+ 4)
412308(609)
412521(612)
412291(647)
412292(599)
412294(596)
412299(651)
412300(612)
4
427802(575^ 2)
427803(593)
427804(606)
427805(637)
427806(580)
427794(625)
427796(546+ 4)
427797(557)
427798(575)
427801(596^ 1)
427809(562)
427811(625)
427812(592)
427820(579)
428571(553)
429283(635)
429285(618)
429791(545+ 5)
430199(651)
430200(650)
428578(563)
428832(597)
428834(638)
428837(622)
428839(651)
427771(594)
427781(597)
427785(584^ 1)
427792(566)
427793(577)
426298(587^ 2)
426299(593)
426311(624)
426313(602)
426314(638)
426321(618)
426322(653)
426936(545+ 5)
427027(611)
427316(590)
427756(595)
427758(554)
427765(581)
427766(632)
427770(604)
427318(557)
427326(580)
427328(606)
427339(592)
427755(585)
430445(607)
430448(595)
430450(626)
430461(566)
430473(589)
433333(624)
433341(632)
433343(631)
433883(599)
434031(616)
433315(612)
433317(570)
433322(548+ 2)
433324(575)
433326(639)
434032(621)
434034(618)
434041(647)
434042(613)
434046(600)
432058(564)
432585(588)
433305(654)
433307(566)
433310(604)
430939(639)
430944(585)
430951(568)
431323(601)
431425(617)
430925(610)
430926(548+ 2)
430929(648)
430932(580^ 2)
430937(568)
431426(600)
431429(613)
431430(546+ 4)
431581(556)
431585(591)
431743(565)
431745(553)
431747(590)
431748(646)
432056(565)
431586(555)
431587(648)
431590(649)
431592(575)
431741(585)
419318(549+ 1)
419326(561)
419327(579)
419328(546+ 4)
419329(587)
419291(570)
419294(604)
419305(551)
419308(554)
419316(604)
419334(590)
419336(556)
419338(555)
419339(546+ 4)
419341(582)
419356(584)
419362(554)
419364(551)
419366(560)
419369(553)
419344(552)
419346(589)
419350(577)
419353(593)
419355(579)
419275(573)
419281(553)
419282(556)
419284(566)
419286(619)
418458(590)
418465(557)
418471(583)
418475(555)
418477(580)
426286(621^ 2)
426287(595)
426289(651)
426291(646)
426295(653)
418478(564)
418482(547+ 3)
418487(589)
418497(593)
419252(560)
419265(570)
419267(545+ 5)
419271(590)
419273(545+ 5)
419274(587)
419253(561)
419256(554)
419257(572)
419261(564)
419263(582)
419378(590)
420573(597)
420892(570)
420897(551)
421182(560)
424422(614)
424423(579)
424425(637)
424683(603)
424685(645)
423463(594)
423470(586)
423480(574)
424084(562)
424417(558)
424689(599)
424690(590)
424931(566)
424936(592)
424938(599)
426271(555)
426276(555)
426277(626)
426280(556)
426284(650)
425373(614)
425376(565)
425471(589)
425511(626)
426102(622)
423442(583)
423444(575)
423448(558)
423454(564)
423458(618)
421446(571)
422451(630)
422452(575)
422454(559)
422456(643)
421305(579)
421404(562)
421408(604)
421429(568)
421439(631)
422742(564)
422747(578^ 3)
422750(636)
422754(571)
422755(647)
423427(548+ 2)
423429(598)
423435(555)
423436(575)
423438(606)
422756(624)
422760(584)
423181(581)
423183(571)
423185(645)
5
447020(601)
447026(606)
447043(627)
447044(553)
447046(612)
447003(602)
447005(624)
447006(606)
447008(553)
447011(572)
447047(584)
447049(604)
447052(630)
447058(575)
447059(592)
448115(579)
448117(585)
448118(623)
448119(590)
448422(611)
447064(639)
447941(564)
447944(653)
448043(579)
448112(602)
446980(547+ 3)
446985(585)
446987(617)
446990(588)
446998(633)
445561(546+ 4)
445563(639)
445751(579)
445753(606)
445758(576)
445914(570)
446391(620)
446543(599)
446550(562)
446674(562)
446778(605)
446972(557)
446973(552)
446974(559)
446979(591)
446675(613)
446677(547+ 3)
446772(567)
446775(581)
446776(591)
448531(565)
448607(564)
448613(580)
448619(546+ 4)
448623(552)
451062(575)
451065(577)
451066(570)
451281(607)
451452(569)
451048(626)
451051(575)
451052(608)
451057(613)
451058(559)
451455(594)
451457(579)
451459(565)
451460(584)
451464(563)
450486(585)
450731(589)
450971(546+ 4)
451042(628)
451043(632)
449494(634)
449496(563)
449497(600)
449501(550)
449504(619)
448624(596)
448952(550)
449282(621)
449487(605)
449488(611)
449715(646)
449723(606)
449726(561)
449728(612)
449735(610)
449751(559)
450261(576)
450372(547+ 3)
450482(608)
450484(577)
449737(569)
449739(551)
449740(574)
449741(566)
449748(618)
437119(569)
437135(605)
437142(559)
437143(597^ 3)
437173(636)
436262(580)
436401(589)
436466(573)
436612(604)
436971(637)
437177(613)
437202(570)
437219(588)
437220(603)
437223(626)
439048(625)
439052(553)
439731(614^ 2)
440024(590)
440343(590)
438552(652)
438584(612)
438659(564)
439032(555)
439039(605)
434742(548+ 2)
435291(610)
435354(644)
435651(559)
435871(619)
434049(562)
434052(550)
434054(564)
434055(612)
434058(566)
445331(566)
445334(551)
445335(549+ 1)
445337(614)
445341(551)
434411(653)
434412(602)
434413(638)
434511(643)
434518(623)
434731(653)
434737(588)
434739(583)
434740(603)
434741(589)
434520(636)
434521(607)
434524(615)
434727(580^ 1)
434728(580)
440344(621)
440350(648)
440354(547+ 3)
440355(570)
440356(621)
442654(573)
442657(585)
442669(572)
442671(607)
442955(550)
441884(557)
441885(615)
441899(570)
441902(546+ 4)
441905(646)
442956(552)
442964(596)
443088(565)
443091(545+ 5)
443641(561)
444494(549+ 1)
444500(612)
444501(565)
444903(575)
445202(565)
443733(578)
443734(627)
443971(620)
443972(566)
444412(553)
441870(562)
441878(609)
441879(545+ 5)
441881(565)
441882(638)
440689(575)
440690(643)
440691(580)
440695(649)
440699(628)
440360(568)
440362(651)
440671(549+ 1)
440677(546+ 4)
440683(549+ 1)
440700(601)
440707(609)
440711(559)
440720(594)
441483(606)
441846(590)
441849(548+ 2)
441853(621)
441857(579)
441869(584)
441484(579)
441485(617)
441493(602)
441502(586)
441833(556)
6
400287(503)
400293(462)
400294(507)
400295(457)
400298(527)
400260(478)
400265(484)
400275(533)
400280(539)
400281(513)
400315(513)
400319(533)
400320(499)
400321(490)
400324(544)
400299(536)
400301(508)
400302(486)
400304(528)
400306(463^ 2)
400010(516)
400011(510)
400012(537)
400013(479)
400015(527)
400004(534)
400005(467)
400006(487)
400007(526)
400009(488)
400250(475)
400252(472)
400253(504)
400256(494)
400257(519)
400018(504)
400019(472)
400020(473)
400021(460)
400247(497)
401212(470)
401213(488)
401214(463)
401215(462)
401216(503)
401705(537)
401706(520)
401710(533)
401711(487)
401712(441)
401236(512)
401241(461)
401242(473)
401243(519)
401245(543)
401221(454)
401230(466)
401232(481)
401233(501)
401235(494)
401686(544)
401694(533)
401698(510)
401699(509)
401703(512)
401246(496)
401250(532)
401671(517)
401681(532)
401685(538)
Grade : D
464504(646)
464791(606)
465041(550)
465045(565)
465212(573)
463836(620)
463991(562)
464402(597)
464495(619)
464496(574^ 1)
465261(642)
465301(568)
465761(617^ 3)
465866(598)
466031(563)
486811(555)
487723(589)
487724(564)
489211(633)
489401(563)
466451(560)
467191(577)
467892(585)
468111(599)
484251(564)
463334(651)
463631(560)
463633(581)
463634(606)
463721(638)
454282(579)
454285(569)
454286(546+ 4)
454290(553)
454291(596)
453758(596)
453761(598)
453763(603)
453765(613)
454123(556)
454293(595)
454641(560)
454643(568)
454644(564)
454646(576)
456290(548+ 2)
456472(611)
456621(614)
456693(612)
456794(565)
454731(550)
454832(598)
455145(585)
455156(589)
456286(575)
453664(545+ 5)
453668(583)
453753(571)
453756(559)
453757(617)
451885(561)
452041(574)
452042(607)
452044(636)
452046(620)
451473(588)
451476(557)
451477(563)
451482(587)
451882(611)
452758(556)
452759(574)
452760(636)
452925(563)
453161(561)
453461(590)
453469(611)
453661(638)
453662(585)
453663(595)
453164(595)
453165(546+ 4)
453451(570)
453458(598)
453460(553)
460453(570)
460691(553)
460693(553)
460982(554)
461091(608)
460178(596)
460323(619)
460382(640)
460451(590)
460452(617)
461461(593^ 1)
461574(555)
461691(606)
461693(642)
461852(572)
462194(641)
462303(562)
462304(555)
462761(626)
462854(592)
461853(551)
461858(592)
462091(611)
462094(636)
462193(555)
459371(546+ 4)
459403(587)
460171(571)
460172(593)
460176(559)
456814(564)
456815(564)
457105(589)
457811(605^ 1)
457812(576)
456797(568)
456799(634)
456806(555)
456807(549+ 1)
456813(569)
458107(571)
458108(600)
458109(574^ 3)
458110(564)
458119(562)
459025(562)
459031(585)
459344(604)
459358(606)
459362(568)
458511(569)
458541(629)
458847(573)
458853(643)
459023(606)
7
408739(508)
408743(484)
408750(543)
408751(475)
408761(529)
407997(502)
407998(537)
408003(537)
408731(477)
408732(497)
408780(495)
408781(540)
408783(503)
408798(538)
408801(542)
408830(533)
408843(466)
409971(505)
409973(540)
409974(503)
408810(480)
408812(522)
408815(499)
408818(456)
408829(498)
407562(539)
407611(538)
407991(528)
407992(472)
407996(500)
405848(534)
406637(537)
406641(505)
406642(454)
406981(464)
406987(535)
406994(539)
406996(529)
407000(508^ 1)
407221(544)
407283(450)
407285(543^ 2)
407287(532)
407288(482)
407293(478)
407271(533)
407276(470)
407277(500)
407278(540)
407279(536)
409980(503)
409993(497)
410329(520)
410330(521)
410333(506)
413157(489)
413159(488)
413161(542)
413791(504)
413861(473)
413141(526)
413142(488)
413143(499)
413149(499)
413155(509)
413991(497)
413992(507)
413996(502)
414003(501)
414005(477)
411885(488)
412611(510)
412612(522)
412613(488)
412973(495)
410957(530)
411283(460^ 6)
411285(496)
411289(490)
411291(496)
410334(511)
410336(529)
410672(514)
410676(544)
410851(535)
411293(534)
411298(451^ 5)
411301(505)
411302(535)
411306(467)
411328(456)
411329(467)
411330(490)
411883(458)
411884(464)
411310(442)
411311(456)
411314(516^ 1)
411315(477)
411316(446)
403355(501)
403357(473)
403358(436+ 4)
403359(537)
403360(461)
403242(484)
403243(474)
403351(484)
403352(523)
403353(469)
403363(492)
403366(472)
403641(486)
403642(505)
403643(464)
403651(496)
403653(543)
403655(534)
403656(505)
403657(522)
403644(462)
403646(534)
403647(476)
403649(513)
403650(540)
403022(468)
403024(518)
403026(510)
403027(482)
403241(539)
401713(487)
401715(459)
401716(529)
401717(537)
402231(531)
405834(516)
405842(471)
405844(494)
405846(500)
405847(503)
402232(475^ 1)
402233(489)
402234(505)
402235(443)
402237(537)
402404(465)
402735(541)
402881(504)
403014(497)
403016(535)
402240(517)
402241(493)
402242(533)
402243(503)
402403(486)
403658(471^ 3)
403662(473)
403664(462)
403665(455)
403669(501)
405790(497)
405793(469)
405794(492)
405795(473)
405796(449^ 3)
405631(520)
405782(480)
405784(510)
405785(544)
405786(468)
405797(485)
405801(480)
405802(502)
405803(516)
405805(478)
405816(503)
405821(531^ 3)
405824(467)
405827(458)
405832(519)
405806(541)
405808(453)
405809(491)
405811(462)
405812(544)
404745(537)
404754(464^ 3)
405235(540)
405370(543)
405379(495)
403675(538)
403679(453)
403681(543)
403682(455)
403683(544)
403670(443)
403671(444)
403672(459)
403673(460)
403674(469)
403686(521)
403687(537)
403690(539)
403691(528)
403694(525)
404719(544)
404724(531)
404725(536)
404726(500)
404728(488)
404322(471)
404382(499)
404476(523)
404479(533)
404714(478)
8
418494(465)
418495(484)
418498(479)
418499(488)
418500(471)
418488(471)
418489(458)
418490(471)
418491(437+ 3)
418492(474)
418501(507)
418502(504)
418505(509)
418506(467)
418507(539)
419264(490)
419266(480)
419268(508)
419269(543)
419270(536)
419254(493^ 2)
419258(524)
419259(445)
419260(516)
419262(480)
418481(533)
418483(499)
418484(486)
418485(495)
418486(500)
418450(529)
418451(525)
418453(514)
418455(517)
418456(528)
418457(479)
418460(449)
418461(480)
418462(457)
418464(519)
418473(522)
418474(544)
418476(468)
418479(490)
418480(477)
418466(519)
418467(471)
418468(461)
418470(466)
418472(446)
419272(539)
419278(542)
419279(505)
419283(504)
419285(540)
420841(457)
420842(481)
420881(520)
420882(443)
420884(534)
419374(512)
419376(518)
419377(478)
419379(502)
420572(490)
420885(515)
420886(492)
420888(515)
420889(531)
420893(487)
419363(501)
419365(531)
419370(489)
419372(494)
419373(522)
419295(486)
419298(510)
419300(526)
419302(493)
419303(529)
419288(502)
419289(500)
419290(519)
419292(507)
419293(513)
419306(456)
419311(520)
419313(511)
419314(539)
419319(540)
419342(442)
419345(505)
419349(499)
419351(542)
419359(508)
419321(509)
419322(516)
419323(525)
419324(501)
419335(540)
415604(498)
415824(477^ 2)
415825(525)
415826(449)
415827(534)
415515(507)
415594(537)
415597(525)
415599(504)
415601(527)
415830(500)
415831(482)
415834(495)
415838(500)
415840(450)
416482(516)
416484(469)
416485(509)
416486(490)
416489(453)
415843(475)
415856(503^ 1)
416401(513)
416403(511)
416481(486)
415387(511)
415511(523)
415512(495)
415513(497)
415514(516)
414007(451)
414008(509)
414009(491^ 3)
414016(530)
414017(514)
418445(496)
418446(507)
418447(488)
418448(500)
418449(538)
414018(509)
414028(513)
414029(520)
414039(521)
414061(539)
415039(468)
415043(507)
415044(519)
415048(477)
415051(521)
414062(517)
414842(503)
415031(542)
415033(512)
415038(542)
416490(515)
416491(490)
416492(510)
416493(472)
416494(464)
417861(493)
417903(503)
417905(462)
417908(529)
417910(530)
417023(496)
417035(477)
417038(516)
417043(466)
417050(463)
417914(533)
417915(511)
417918(524)
417919(521)
418147(491)
418438(539)
418439(489)
418440(448)
418442(467)
418443(469)
418431(541)
418432(529)
418433(452)
418434(544)
418437(525)
416991(544)
416992(469)
416993(534^ 3)
417000(544^ 1)
417001(528)
416505(455)
416506(515)
416507(480)
416508(447^ 1)
416509(498)
416495(447)
416496(475)
416497(476)
416501(484)
416502(437+ 3)
416510(447^ 2)
416511(462)
416513(471)
416515(477)
416516(461)
416974(484)
416976(511)
416984(502)
416985(455)
416988(515)
416517(492)
416518(472)
416520(498)
416521(515)
416922(508)
9
440718(486)
441241(540)
441403(536)
441482(452)
441487(514)
440708(535)
440712(536)
440713(526)
440714(511)
440715(499)
441488(459)
441490(513)
441491(544)
441492(514)
441494(482)
441835(529)
441837(513)
441839(518)
441840(527)
441843(531)
441496(487)
441497(435+ 5)
441501(518)
441832(510)
441834(540)
440361(540)
440687(538)
440697(530)
440704(544)
440705(493)
437114(493)
437124(452)
437125(520)
437128(512)
437129(516)
437136(504)
437146(472)
437147(513)
437148(509)
437153(487^ 3)
438663(518)
438664(504)
439038(542)
439050(495)
439056(489)
437158(496)
437159(526)
437179(523)
437183(542)
437196(464)
441844(493)
441845(510)
441847(467)
441848(469)
441850(450)
442666(481)
442670(449)
442672(470)
442673(476)
442674(511)
442651(477)
442652(468)
442660(538)
442662(543)
442663(456)
442675(487)
442676(439+ 1)
442953(496)
442954(461)
442961(514)
441898(539)
441901(474)
441903(454)
441904(537)
441906(516)
441862(540)
441863(464)
441866(523)
441867(476)
441868(487)
441851(506)
441854(474)
441855(479)
441856(478)
441860(502)
441875(543)
441876(522)
441877(521)
441880(494)
441883(480)
441892(536)
441893(457)
441894(505)
441895(482)
441896(474)
441886(458)
441888(515)
441889(517)
441890(533)
441891(525)
421425(449)
421427(460)
421428(485)
421430(520)
421432(526)
421419(458)
421421(475)
421422(493)
421423(463)
421424(510)
421433(518)
421436(498)
421437(505)
421438(491)
421440(466)
421449(539)
421450(493)
421451(522)
422341(503)
422342(524)
421441(495)
421444(523)
421445(529)
421447(455)
421448(478)
421414(474)
421415(479)
421416(506)
421417(509)
421418(472)
420894(485)
420895(478)
420896(463)
421102(493)
421302(472)
435852(505)
435857(521)
435858(540)
435860(530)
437113(530)
421303(468)
421304(448)
421306(524)
421307(528)
421308(440)
421409(520)
421410(503)
421411(466)
421412(499)
421413(450)
421401(450)
421402(537)
421403(544)
421405(491)
421406(473)
422458(499)
422691(505)
422739(541)
422741(491)
423421(541^ 3)
429681(532)
430453(514)
430933(544)
430952(511)
430953(461)
427789(512)
427808(468)
428572(443^ 3)
428577(504^ 1)
428580(493)
431746(539^ 1)
432060(532)
433318(530)
434035(544)
434036(475)
434053(465)
434514(543)
435221(540)
435352(526)
435685(510)
434038(463)
434040(487)
434045(543)
434047(505)
434050(527^ 3)
427757(522)
427759(489)
427780(472)
427782(529)
427788(487^ 2)
424416(534)
424684(520^ 1)
424932(517)
424934(515)
425061(544)
423423(528)
423459(520)
423462(525)
423471(533)
423472(526)
425562(536)
425565(511^ 3)
425569(470)
425573(507)
425574(531)
427325(522)
427332(535)
427334(534)
427337(525)
427338(526)
426288(546^ 2)
426320(541)
426323(549^ 3)
427031(526)
427312(513^ 3)
10
449745(466)
449749(474)
449750(496)
449753(436+ 4)
449754(461)
449734(527)
449736(476)
449738(447)
449742(505)
449744(471)
449755(540)
449756(526)
449757(499)
449759(529)
449762(506)
451045(456)
451046(498)
451047(533)
451049(464)
451050(502)
449764(516)
449766(481)
449768(512)
450371(524)
450733(541)
449725(516)
449727(462)
449729(469)
449731(482)
449732(442)
448610(439+ 1)
448612(492)
448618(497)
448954(502)
448958(476)
448959(483^ 2)
448960(446)
448962(485)
448963(519)
448965(510)
449711(470)
449714(445)
449716(470)
449717(481)
449722(509)
449482(447)
449485(492)
449491(503)
449492(532)
449493(507)
451053(522)
451056(530)
451059(451)
451060(450)
451061(539)
452757(539)
452761(451)
452762(485)
452765(513^ 3)
452921(469)
452187(449)
452189(473)
452751(535)
452753(481)
452755(478)
452924(501)
452927(513)
452929(471)
452930(446)
452931(440)
452154(511)
452155(445^ 3)
452157(531)
452182(460)
452183(468)
451342(541)
451451(449)
451454(479)
451456(511)
451458(471)
451063(513)
451282(492)
451283(515)
451284(518)
451341(462)
451461(502)
451462(494)
451466(530)
451474(474)
451478(473^ 3)
451883(506)
451884(524)
452045(482)
452151(530)
452152(510)
451479(456)
451480(496)
451481(455)
451483(507)
451881(523)
444507(490)
444508(464)
444510(519)
444511(472)
444512(540)
444497(530)
444499(508^ 1)
444502(512)
444504(465)
444506(480)
444517(519)
444518(496)
444519(474)
444521(451)
444522(449)
445263(509)
445332(519)
445338(474)
445342(489)
445344(471)
444904(542)
444971(544)
445122(537)
445261(502)
445262(542)
443996(444)
443997(513)
443998(490)
444495(465)
444496(468)
443081(475)
443085(465)
443089(445)
443421(511)
443731(493)
448342(523)
448424(514)
448601(448)
448605(473)
448609(456)
443732(530)
443833(470)
443834(500)
443973(544)
443974(513)
443985(524)
443986(519)
443987(504)
443990(544)
443992(521)
443975(509)
443976(466)
443977(440)
443980(481)
443983(492)
445345(502)
445347(507)
445652(519)
445702(518)
445752(542)
447032(484)
447034(518)
447039(458)
447040(518)
447045(494)
447019(485)
447021(441)
447022(521)
447024(540)
447029(473)
447048(498)
447050(503)
447051(502)
447055(531)
447056(487)
448042(525)
448044(513)
448045(533)
448114(522)
448303(455)
447062(487)
447063(537)
447942(515)
447945(531)
448041(461)
447012(532)
447013(514)
447014(458)
447017(517^ 3)
447018(453)
446542(471)
446547(497)
446551(484)
446672(491)
446673(531)
445756(514)
445911(451)
445913(508^ 2)
446251(458)
446252(487)
446892(487)
446893(491)
446976(503)
446977(539)
446981(458)
446994(519)
446996(540)
446999(528)
447004(535)
447010(463)
446982(474)
446986(470)
446989(529)
446992(472)
446993(538)
11
417907(434)
418463(417)
418503(429)
424937(429)
433302(416^ 3)
405831(435^ 2)
408747(429^ 3)
408757(431)
411307(429)
411326(421)
434733(420)
437121(429)
441495(434)
442665(401^ 2)
444492(434^ 3)
451465(420)
452928(428)
455154(405)
465504(418)
445759(425)
446541(425)
448614(412^ 3)
449712(427)
449730(414)
Grade : E
460179(472)
460183(538)
460384(538)
460454(507)
460581(501)
460582(516)
460692(444^ 3)
460981(501)
461692(520)
461855(542)
461856(528)
462092(521)
462095(530)
462301(469)
462302(518)
459021(503)
459024(502)
459026(467)
459251(534)
459252(521)
459342(490)
459354(498)
459355(466)
459361(522)
459372(464)
459374(503)
459376(533)
459378(494)
460173(509)
460174(479)
465861(538)
466032(525)
466161(530)
466291(498)
466486(541)
466487(535^ 3)
466494(485)
466496(498)
467112(526)
467631(539)
467692(539)
467905(538)
481612(445)
491431(516)
493081(520)
462305(540)
462481(522)
462853(512)
462863(520)
463331(526)
463761(536)
463834(485)
463840(512)
463999(491)
464501(536)
464506(544)
464507(483)
464510(501)
465044(527)
465211(531)
454002(527)
454121(475)
454122(517)
454124(444)
454125(489)
453762(510)
453931(484)
453932(528)
453933(520)
454001(534)
454133(523)
454284(540)
454287(533)
454288(519)
454294(508)
454126(454)
454127(524)
454128(472)
454129(503)
454130(524)
452940(511)
453454(461)
453455(493)
453457(511)
453459(511)
452933(512)
452934(477)
452937(502)
452938(541)
452939(448)
453470(445)
453665(518)
453666(541)
453667(519)
453669(476)
453463(493)
453464(505)
453465(467)
453467(527)
453468(517)
454296(526)
454642(539)
454645(525)
454831(497)
454911(442)
455177(519)
455178(505)
455180(496)
456291(484)
456691(496)
455170(498)
455172(540)
455173(468)
455174(454)
455176(491)
457482(489^ 1)
458453(525)
458845(464)
458848(517)
458850(495)
456801(463)
456804(538)
456810(449)
456812(518)
457113(496)
455141(521)
455143(473)
455144(475)
455146(460)
455149(470)
454951(522)
455051(502)
455052(474)
455055(482)
455057(478)
455160(452)
455161(497)
455164(466)
455168(536)
455169(484)
455150(514)
455151(460)
455152(449)
455153(482)
455157(503)
