Supplementary 
                  Examination of Pre-Medical Result 2022
URL: https://www.biek.edu.pk/Result-2022/Supplementary/SM/RESULT-GAZZETTE-SMR-SUPPLY-ANNUAL-II-2022.pdf
Source: https://www.biek.edu.pk/LastResults.asp

1
NOTE: MARKS OBTAINED BY ALL THE SUCCESSFUL CANDIDATES ARE INDICATED WITHIN
MARKS) TO RAISE THEIR GRADES IN HARDSHIP CASES ARE INDICATED WITH PLUS(+) SIGN AND
PARANTHESIS AGAINST THEIR ROLL NUMBER AND THE EXTRA MARKS GIVEN (MAXIMUM FIVE
CANDIDATES BEARING THE FOLLOWING ROLL NUMBERS ARE DECLARED TO HAVE
PASSED THE INTERMEDIATE SCIENCE (PRE-MEDICAL) GROUP PART - II (CLASS XII)
SUPPLY / ANNUAL-II EXAMINATION 2022.
106292(562)
106474(575)
106582(574)
106845(588)
106941(545+ 5)
104444(563)
104871(652)
106022(621)
106242(606)
106243(654)
107131(627)
107181(598)
107182(597^ 4)
107185(601^ 3)
107401(575)
107629(612)
107751(577)
107756(646)
107992(589)
108171(628^ 2)
107402(588)
107443(559^ 1)
107532(599)
107617(551)
107626(618)
104142(585)
104144(561^ 1)
104351(593)
104353(547+ 3)
104365(553)
102774(564)
102783(552)
102784(585)
102785(551)
102861(599)
102862(583)
102863(579)
103051(619)
103161(613)
103165(558)
103608(560)
103615(635)
103978(546+ 4)
104121(551)
104141(602)
103166(600)
103175(558)
103183(608)
103261(566)
103605(613)
108381(620)
108411(578)
108938(588^ 2)
108943(621)
109221(610)
109352(576)
109551(567)
109553(596)
109558(556)
110034(583)
101024(558)
101025(644)
101439(590)
101539(641)
101591(551)
100051(559)
100059(573)
100108(550^ 2)
100220(582)
100941(597)
102121(568^ 1)
102182(571)
102721(563^ 1)
102723(561^ 2)
102727(588)
102004(583)
102072(546+ 4)
102073(619)
102074(578)
102076(553^ 3)
101657(589^ 3)
101659(580)
101791(607)
102002(562)
102003(580)
101592(584)
101593(564)
101595(564)
101599(566)
101601(558)
Grade : C
110456(668)
110610(658+ 2)
113112(731)
115568(743)
115569(695)
103268(690)
103610(701)
104931(661)
107134(708)
109384(755)
100102(656+ 4)
101534(710)
102724(723)
102786(760)
103181(673)
137731(713)
146321(666)
146602(714)
146711(674)
148011(682)
148501(689)
***********
116418(741)
117491(677)
117500(670)
117605(731)
118470(665)
119655(660)
120603(760)
120896(727)
121057(666)
134261(728)
Grade : B
101501(815)
102722(790)
104375(786)
107757(771)
113713(785)
146391(799)
147411(836)
148071(810)
149921(857)
113727(805)
116561(773)
118438(826)
140212(830)
145921(775)
Grade : A
106478(933)
113111(910)
116333(884)
141801(930)
146571(915)
149984(935)
146712(896)
148911(920)
149901(913)
149982(891)
149983(920)
Grade : A-1
100001 - 199999
GRACE MARKS CASES ARE INDICATED WITH CARET(^) SIGN
2
117991(585)
118002(631)
118081(576)
118082(589)
118383(562)
117927(576^ 1)
117931(561)
117947(566)
117968(615)
117990(615)
118394(571)
118399(549+ 1)
118400(560)
118404(648)
118411(589)
118465(578)
118466(564)
118643(563)
118646(558)
118653(557)
118421(651)
118427(554)
118434(552)
118435(600)
118453(583)
117156(596)
117172(587)
117213(561)
117220(574)
117495(648)
116505(649)
116506(626^ 1)
116507(607)
116562(600)
116651(592^ 2)
117604(568)
117611(556)
117617(601)
117622(557)
117766(590)
117791(577)
117800(610)
117801(611)
117806(622)
117807(583)
117768(549+ 1)
117771(549+ 1)
117773(591)
117777(603)
117788(570)
118655(573)
118665(613)
118710(580)
118909(635)
118912(553)
132206(579)
132381(545+ 5)
135641(562)
138531(565)
139421(603)
121649(645)
126812(644)
129501(577)
129502(548+ 2)
131434(557)
140211(572)
141354(582)
144603(575)
145791(633)
145922(615)
147111(634)
148022(557^ 3)
148371(606)
148511(559)
148581(609)
119473(551)
119478(596)
119529(632)
119609(564)
119654(583)
118913(603)
119293(559)
119322(580^ 3)
119324(582)
119325(555)
119658(644)
119659(580^ 2)
120033(579^ 2)
120223(578)
120255(548+ 2)
120661(579)
120920(552)
121534(545+ 5)
121536(561)
121537(577)
120257(554)
120260(573)
120264(551)
120266(620)
120273(555)
116036(583^ 1)
116173(580)
116225(580)
116501(558)
116504(593^ 1)
112334(594)
112408(548+ 2)
112522(602)
112523(602)
112524(627)
111230(590)
111271(599)
111692(599)
111744(559)
112079(557)
112527(581)
112528(546+ 4)
112537(558)
112538(574)
112541(622)
112721(558)
112734(572)
112746(562)
112760(588)
112767(556^ 2)
112682(560)
112691(549+ 1)
112702(559)
112704(633)
112718(553)
110933(561^ 2)
110935(644)
110971(549+ 1)
111126(551)
111206(569^ 2)
110274(565)
110278(564^ 2)
110460(573)
110478(563)
110479(556)
110040(598)
110242(545+ 5)
110245(609)
110258(551)
110259(548+ 2)
110483(582)
110489(558)
110490(569)
110496(572)
110601(551)
110696(570)
110698(559)
110700(618)
110703(561)
110928(591)
110603(557)
110620(569)
110623(584)
110667(582)
110682(602)
114526(620)
114672(574)
114692(550)
114708(602)
114849(548+ 2)
114159(556)
114251(565)
114463(552)
114499(634^ 2)
114501(652)
114865(546+ 4)
115010(556)
115061(586)
115063(569)
115064(551)
115648(643)
115662(546+ 4)
115852(568)
115853(580^ 1)
116013(572)
115201(579^ 3)
115577(545+ 5)
115607(546+ 4)
115612(567)
115632(552^ 2)
113702(630)
113717(554)
113956(585)
114081(548+ 2)
114149(572)
112845(553^ 2)
112854(596)
112860(563^ 3)
112865(563)
112868(603)
112770(564)
112771(577)
112784(594^ 3)
112787(567)
112793(592)
112869(619)
112870(607)
112873(649)
113016(561^ 2)
113021(574)
113493(600)
113495(577^ 2)
113497(614^ 2)
113499(555)
113517(574)
113026(586)
113028(572)
113032(545+ 5)
113040(600)
113491(575^ 3)
3
104362(437+ 3)
104364(474)
104366(482)
104368(466)
104371(497^ 2)
104211(469)
104233(464)
104352(484)
104355(529)
104358(470^ 1)
104372(511)
104373(444^ 3)
104378(464)
104380(449^ 5)
104382(443)
104442(458^ 1)
104445(523)
104446(467^ 1)
104481(506^ 2)
104752(508)
104433(506)
104435(481)
104436(541)
104439(509)
104441(474)
104045(541)
104046(466^ 1)
104049(449)
104083(471)
104084(474)
103616(483)
103655(461^ 3)
103660(467^ 1)
103692(482^ 2)
103693(444)
103694(473)
103698(493^ 3)
103703(516)
103748(470^ 1)
103753(511)
103997(442)
104032(449)
104034(450^ 1)
104040(447)
104044(457^ 1)
103754(464^ 3)
103756(452^ 2)
103760(486)
103982(520)
103984(535)
104753(516)
104756(480)
104758(456)
104811(516)
104812(498)
108936(540^ 2)
108937(510^ 2)
109381(491^ 2)
109552(453)
109554(538)
107754(505)
108600(483)
108675(515)
108731(543)
108734(531)
109556(514)
109557(533)
109559(527)
109560(529)
109591(485)
107447(541)
107618(481^ 1)
107685(500^ 1)
107688(505)
107691(473^ 1)
104820(483)
104821(531)
104824(531)
104825(477)
104851(490)
104813(478)
104815(519)
104816(506)
104818(494)
104819(495)
104852(500)
104873(492)
106021(532^ 1)
106111(514)
106114(515^ 1)
106846(465^ 2)
107021(503^ 2)
107022(518)
107129(524)
107442(533)
106161(532^ 3)
106213(491)
106373(544)
106472(518^ 2)
106477(503)
100978(503)
100979(509)
100983(458)
100993(451^ 4)
101021(537)
100784(497^ 3)
100851(518)
100854(450^ 2)
100857(460)
100865(484^ 3)
101152(511)
101312(502)
101323(524^ 1)
101325(521)
101431(449)
101533(531)
101535(491)
101536(529)
101538(530)
101598(471^ 2)
101434(435+ 5)
101444(480)
101445(466)
101447(460)
101532(476)
100002(483)
100005(543)
100008(442^ 3)
100104(500)
100105(475)
103265(534)
103445(506)
103562(487)
103604(539)
103609(466)
100109(488)
100153(445)
100157(513)
100164(526^ 3)
100214(540^ 2)
100654(498)
100658(496^ 3)
100661(463)
100751(485)
100756(495)
100572(470)
100573(521)
100601(498)
100632(496^ 1)
100633(492)
101600(485)
101603(503)
101653(530)
101656(510^ 3)
101714(497)
103021(440)
103071(499)
103072(470^ 3)
103073(505)
103121(478)
102788(522^ 3)
102881(510)
102882(505)
102883(451)
103001(501)
103122(490)
103162(479)
103169(481)
103170(472)
103171(524)
103180(475)
103182(488)
103184(513)
103186(447)
103187(497)
103172(468)
103176(514^ 1)
103177(540)
103178(526)
103179(489)
101821(470)
101941(442^ 2)
101942(506^ 2)
102005(479^ 2)
102024(492)
101715(511)
101726(529)
101756(523)
101761(468)
101792(530^ 2)
102042(480)
102075(531^ 3)
102078(504)
102080(515)
102101(503)
102773(516^ 1)
102777(497)
102779(525)
102781(480)
102782(521)
102321(519^ 3)
102375(456)
102452(457)
102458(471)
102582(488)
Grade : D
148901(652)
148992(654)
156174(585)
156751(621)
160001(559)
4
112788(537)
112791(526)
112844(514)
112862(492^ 1)
112879(487^ 4)
112761(491^ 1)
112762(505)
112768(483^ 2)
112769(504)
112785(503)
112880(548^ 1)
113010(465)
113015(544)
113023(518)
113025(498^ 2)
113494(540^ 3)
113500(516^ 2)
113502(500)
113519(520)
113520(518)
113029(527)
113033(480)
113035(435+ 5)
113042(541)
113043(496^ 1)
112745(465^ 1)
112749(532)
112751(502)
112752(539)
112758(522)
112690(486)
112694(474^ 3)
112696(474)
112697(489)
112698(540^ 2)
112699(461^ 3)
112700(491)
112703(464^ 3)
112707(479)
112708(445)
112730(526)
112733(524^ 3)
112735(476^ 3)
112739(471)
112742(516)
112710(526)
112713(509)
112715(520^ 3)
112727(524)
112729(529^ 1)
113521(484^ 1)
113525(482)
113703(446)
113704(517)
113706(541)
114671(500)
114688(525)
114696(472^ 2)
114705(504)
114706(456)
114481(521)
114483(513)
114490(541)
114491(516)
114524(517)
114713(524)
114717(505^ 1)
114860(536)
114922(472)
114988(498^ 3)
114143(487)
114465(544^ 2)
114468(493^ 3)
114479(504)
114480(515)
113730(455^ 3)
113742(508)
113916(461)
113918(480^ 2)
113929(498)
113709(509)
113716(461^ 5)
113720(488)
113721(491)
113728(485)
113949(526)
113950(526)
113955(495)
113957(446)
113969(509)
114118(511)
114120(487)
114123(493)
114141(457^ 3)
114142(500)
113976(466^ 3)
114074(476^ 5)
114084(440)
114112(475^ 1)
114115(502)
110606(451)
110626(499)
110629(451^ 3)
110630(491)
110631(540)
110491(460^ 1)
110492(538)
110495(501^ 2)
110604(480)
110605(522^ 1)
110638(491)
110643(528)
110644(516)
110647(484)
110652(470^ 1)
110661(492^ 2)
110668(520)
110670(529)
110671(474)
110672(530)
110653(528^ 2)
110655(479^ 1)
110656(502)
110659(466^ 2)
110660(524)
110441(515)
110458(501)
110459(496^ 3)
110472(520)
110476(532)
110004(529)
110005(476^ 1)
110006(454)
110017(453^ 2)
110024(496)
112539(469)
112540(532)
112684(537)
112685(518)
112688(527)
110029(508)
110030(514)
110035(444)
110036(511)
110037(532)
110253(518)
110257(533^ 3)
110263(519^ 3)
110269(541)
110271(522)
110111(521^ 1)
110238(528)
110240(530)
110241(534)
110249(514)
110677(483)
110678(542)
110680(478)
110684(479^ 3)
110695(522)
111103(482^ 3)
111106(511)
111113(529)
111134(496^ 1)
111136(542)
111086(485)
111087(488^ 2)
111093(494^ 2)
111095(441)
111100(509)
111141(506)
111194(542^ 2)
111217(490)
111693(491^ 3)
112037(502)
112521(542)
112526(510)
112533(512)
112534(524)
112536(549^ 1)
112045(536)
112330(540)
112337(493)
112345(535^ 1)
112350(489)
110991(448^ 5)
110992(533)
110996(503)
110997(496)
111083(441)
110822(486)
110823(443^ 5)
110824(476)
110825(467)
110832(520)
110697(505)
110699(496)
110813(485)
110814(477)
110818(532)
110833(468^ 2)
110837(452)
110839(489^ 4)
110844(509)
110852(524^ 3)
110964(539)
110966(507)
110968(445)
110973(542)
110976(457^ 3)
110930(472^ 2)
110946(536)
110947(483)
110956(494)
110957(500^ 2)
5
119981(487^ 2)
119986(465)
119992(532)
120015(475)
120016(498^ 2)
119602(436+ 4)
119607(462)
119651(474)
119653(503^ 3)
119656(529^ 1)
120044(444^ 2)
120058(518)
120064(498^ 1)
120067(462)
120074(523^ 1)
120218(522)
120220(530)
120227(487^ 2)
120230(464^ 1)
120235(440)
120077(456)
120083(477^ 2)
120085(473)
120088(502^ 3)
120212(471^ 1)
119472(521^ 1)
119481(465^ 3)
119494(523)
119525(474^ 2)
119532(473^ 6)
118720(543)
118723(543)
118725(536^ 1)
118859(495^ 2)
118902(517)
118903(506^ 1)
118905(481)
118906(515)
118908(500)
118914(452)
119320(518)
119326(488^ 2)
119331(505)
119336(458^ 1)
119471(542)
119290(499)
119292(540)
119296(490^ 1)
119297(473^ 2)
119301(464)
120239(511^ 3)
120249(468)
120250(470)
120253(454^ 3)
120254(462^ 2)
121519(518)
121524(536)
121533(535)
121624(544)
121629(489^ 2)
121083(500)
121512(467^ 1)
121516(505)
121517(499^ 3)
121518(503)
121633(473^ 2)
121634(469)
121635(513)
121637(532)
121652(535)
120930(472)
120948(478^ 1)
121074(480)
121081(475^ 2)
121082(474^ 5)
120374(501)
120375(467)
120389(497)
120391(441^ 2)
120392(490)
120256(527)
120262(543)
120265(520)
120271(522)
120272(509)
120401(470)
120409(472)
120541(491^ 3)
120542(491^ 2)
120891(532)
120911(463)
120913(462)
120915(448)
120919(449)
120921(532)
120893(466)
120895(464)
120899(458^ 2)
120908(477)
120909(444)
116063(495^ 2)
116067(497^ 1)
116175(473)
116176(453^ 3)
116181(475)
116033(509)
116037(477^ 1)
116045(509^ 1)
116049(512)
116062(464)
116187(475^ 1)
116188(476)
116193(472)
116210(475)
116332(526)
116836(521^ 1)
117160(465^ 1)
117163(513^ 3)
117211(535)
117212(533^ 3)
116391(436+ 4)
116403(528)
116441(490)
116442(503^ 2)
116457(471^ 2)
115652(455^ 3)
115654(528)
115659(463^ 2)
116026(477)
116030(517)
115189(484)
115550(478^ 3)
115552(529)
115565(535)
115574(454)
118685(498^ 1)
118688(491)
118690(502)
118713(508)
118716(533)
115586(540^ 1)
115599(483)
115600(517)
115602(506^ 2)
115613(509)
115643(512)
115644(531)
115645(476^ 1)
115647(440^ 3)
115649(506)
115625(528)
115630(497)
115631(455)
115639(541)
115640(506)
117217(521^ 4)
117219(539)
117310(529)
117322(501^ 2)
117492(539)
118402(524)
118414(461^ 3)
118416(534)
118418(517)
118419(539)
118003(499^ 1)
118005(462^ 3)
118006(455^ 2)
118009(508)
118392(511)
118429(505)
118431(525)
118433(507)
118436(463^ 3)
118437(527)
118664(513)
118668(502)
118675(520)
118679(491)
118682(540)
118443(473^ 2)
118459(518)
118641(507)
118647(470^ 2)
118649(535^ 3)
117981(512)
117984(496^ 3)
117989(484)
117994(491)
118001(519^ 3)
117621(538^ 3)
117623(493)
117629(481)
117761(544)
117770(508)
117496(536)
117497(522)
117602(510)
117608(508^ 1)
117609(504)
117774(476)
117776(537)
117778(476^ 2)
117787(541)
117789(486^ 3)
117928(512)
117942(509)
117945(548^ 1)
117959(536)
117965(485)
117797(529)
117802(473^ 2)
117808(513)
117809(527)
117926(527)
6
110471(425^ 2)
112339(430)
112789(418^ 1)
113965(429^ 4)
114095(410^ 2)
116050(439^ 2)
116178(427^ 3)
119341(429)
120068(420^ 1)
120276(439^ 2)
100269(424^ 2)
101760(424^ 3)
103653(426)
104036(420^ 5)
104361(426^ 3)
104363(419)
104367(436^ 2)
104751(425)
104754(434^ 1)
110469(411^ 2)
139161(414)
139802(395)
139911(437^ 1)
139916(398)
141274(381)
142856(422)
143304(421)
143305(390)
144604(384)
150781(424)
120377(431^ 2)
120897(433^ 1)
120910(434)
120947(377^ 2)
121630(430)
124495(408)
125213(391)
130062(382)
131492(409)
138754(392)
Grade : E
149641(482)
151181(469)
152981(494)
153611(443)
156832(502)
156872(438+ 2)
157881(505)
159055(462)
160031(494)
161131(524^ 1)
130812(469)
131174(501^ 3)
131177(539^ 3)
131362(480)
131364(466)
131366(461)
131431(437+ 3)
131432(458)
131433(502)
132201(467)
128091(526)
128321(540)
128322(521)
130003(485)
130004(455)
122261(443)
122262(476)
122263(516)
124232(440)
124321(441)
125211(459)
125212(442)
125911(461)
125931(532^ 1)
127601(478)
140251(503^ 3)
140908(492)
141071(493)
141154(446)
141936(515)
142271(496)
142273(447)
142390(458)
143866(441^ 1)
146311(505)
139427(497)
139511(475)
139572(518)
139573(464^ 1)
139912(448^ 1)
132203(503)
132205(478^ 2)
134222(544^ 3)
135531(533)
137491(518)
138103(450^ 3)
138424(448)
139004(523)
139422(510)
139423(474^ 2)
.
146371(239/600)
146791(73/200)
146871(299/600)
147672(283/450)
148271(277/600)
149271(270/600)
145151(137/200)
145161(365/600)
145471(341/600)
145472(361/600)
145963(132/200)
PASS
