Homeconomics 
                  Part I
URL: https://www.biek.edu.pk/Result-2022/Part-I/HEC/GAZZETTE%20HOME%20ECO%20PART-I%20ANNUAL%20-%202022.pdf
Source: https://www.biek.edu.pk/LastResults.asp

Page 1
10 002 (428)
10 004 (373)
10 005 (333)
10 006 (341)
10 007
(487)
10 009
(347)
10 010 (451)
10 011 (415)
10 012 (382)
10 014 (348)
10 016
(399)
10 017
(354)
10 018 (277)
10 023 (378)
10 024 (373)
10 026 (367)
10 027
(359)
10 029
(350)
10 030 (343)
10 031 (421)
10 032 (361)
10 033 (356)
10 035
(453)
10 036
(314)
10 037 (429)
10 038 (344)
10 039 (382)
10 042 (326)
10 049
(387)
10 052
(371)
10 053 (338)
10 054 (383)
10 055 (437)
10 067 (481)
10 070
(388)
10 074
10 075 (453)
10 079 (465)
10 080 (450)
10 082 (367)
10 084
(463)
10 085
(407)
10 091 (372)
10 093 (483)
10 097 (316)
10 098 (345)
10 099
(317)
10 100
(300)
10 101 (444)
10 102 (400)
10 103 (344)
10 110 (377)
10 113
(398)
10 121
(376)
10 123 (425)
10 124 (440)
10 127 (469)
10 128 (409)
10 133
(303)
10 134
(428)
10 135 (302)
10 140 (398)
10 143 (384)
10 144 (466)
10 145
(346)
10 146
(318)
10 148 (323)
10 150 (340)
10 151 (348)
10 157 (347)
10 162
10 163
(437)
10 165 (429)
10 166 (379)
10 168 (329)
10 170 (334)
10 171
(374)
10 173
10 178 (361)
10 183 (450)
10 184 (327)
10 186 (293)
10 188
(439)
10 191
(390)
10 193 (338)
10 195 (255)
10 196 (327)
10 201 (264)
10 202
(309)
10 204
(386)
10 208 (291)
10 210 (365)
10 215 (358)
10 217 (430)
10 223
(321)
10 227
(348)
10 232 (468)
10 236 (471)
10 237 (340)
10 239 (417)
10 240
(410)
10 243
(285)
10 245 (394)
10 250 (367)
10 255 (313)
10 257 (357)
10 258
(365)
10 261
(432)
10 262 (387)
10 263 (317)
10 264 (410)
10 265 (426)
10 267
10 268
(323)
10 270 (393)
10 273 (395)
10 276 (320)
10 278 (272)
10 279
(452)
10 289
(278)
10 297 (329)
10 298 (377)
10 299 (373)
10 300 (363)
10 302
(283)
** ***
***
10 013 (268)
10 015 (229)
10 020 (215)
10 041 (284)
10 045
(292)
10 058
10 059 (278)
10 069 (264)
10 072 (227)
10 078 (291)
10 081
(235)
10 083
(239)
10 086 (260)
10 087 (252)
10 094 (264)
10 126 (229)
10 129
10 136
(306)
10 141 (271)
10 142 (253)
10 153 (247)
10 156 (276)
10 161
(299)
10 172
(246)
10 174 (276)
10 180 (244)
10 181 (250)
10 192 (291)
10 203
(258)
10 209
(245)
10 216 (196)
10 224 (241)
10 229 (371)
10 231 (286)
10 241
(259)
10 248
(268)
10 249 (277)
10 253 (280)
10 259 (203)
10 283 (306)
10 287
(203)
10 288
(255)
10 291 (299)
10 292 (226)
10 293 (234)
10 301 (231)
****
10 001 (213)
10 003 (244)
10 021 (212)
10 025 (197)
10 050
10 056
(142)
10 057 (179)
10 060 (174)
10 062 (163)
10 068 (171)
10 077
(215)
10 109
10 114 (214)
10 138 (207)
10 139 (220)
10 154 (240)
10 179
(210)
10 197
10 198 (248)
10 212 (242)
10 221 (193)
10 225 (229)
10 233
10 238
(209)
10 251 (209)
10 272 (213)
10 281 (249)
10 282 (240)
10 295
(216)
10 304
(220)
10 040 (160)
10 064 (133)
10 116 (126)
10 120 (229)
10 130
10 137
(133)
10 155 (204)
10 158 (128)
10 182 (147)
10 187 (119)
10 189
(138)
10 200
10 205 (164)
10 207 (171)
10 214 (132)
10 220 (123)
10 252
(171)
10 260
(131)
10 280 (154)
** *** ***
FOUR PAPERS:
SEVEN PAPERS:
CANDIDATES BEARING THE FOLLOWING ROLL NUMBERS ARE DECLARED TO HAVE PASSED
THE INTERMEDIATE HOME ECONOMICS GROUP PART - I ( CLASS - XI ) ANNUAL
EXAMINATIONS 2022
NOTE: MARKS OBTAINED BY ALL THE SUCCESSFUL CANDIDATES ARE INDICATED WITHIN
PARENTHESIS AGAINST THEIR ROLL NUMBERS
RA'ANA LIAQUAT ALI KHAN GOVT. COLLEGE OF HOME ECONOMICS
BOARD OF INTERMEDIATE EDUCATION, KARACHI
SIX PAPERS:
FIVE PAPERS:
Page 2
10 022 (108)
10 043 (144)
10 047 (129)
10 044 (132)
10 063
(91)
10 073
(167)
10 076 (101)
10 088 (129)
10 112 (111)
10 119 (140)
10 125
(117)
10 152
(111)
10 164 (116)
10 167 (95)
10 169 (119)
10 176 (112)
10 211
(113)
10 218
(144)
10 228 (125)
10 271 (245)
10 274 (121)
10 277 (106)
10 284
(103)
10 294
(95)
10 296 (105)
10 303 (101)
10 028 (63)
10 071 (82)
10 090 (83)
10 092 (75)
10 096
(80)
10 104
(77)
10 106 (97)
10 107 (97)
10 108 (68)
10 115 (63)
10 118
10 122
(57)
10 132 (75)
10 147 (54)
10 149 (77)
10 159 (112)
10 235
10 242
(84)
10 256 (72)
10 266 (67)
10 275 (77)
10 285 (84)
10 286
(76)
10 305
(64)
10 034 (33)
10 046 (32)
10 061 (32)
10 095 (42)
10 111
(34)
10 175
(30)
10 199 (32)
10 234 (29)
10 246 (51)
ONE PAPER:
THREE PAPERS:
TWO PAPERS:
