Commerce 
                  Private  (02-02-2026)
URL: https://www.biek.edu.pk/Result-2025/Supply/CMP/RESULT-GAZZETTE-COMMERCE-PRIVATE-HSC-PART-II-SUPPLEMENTARY-2025.pdf
Source: https://www.biek.edu.pk/Result-Declaration-default.asp

1
NOTE: MARKS OBTAINED BY ALL THE SUCCESSFUL CANDIDATES ARE INDICATED WITHIN
MARKS) TO RAISE THEIR GRADES IN HARDSHIP CASES ARE INDICATED WITH PLUS(+) SIGN AND
PARANTHESIS AGAINST THEIR ROLL NUMBER AND THE EXTRA MARKS GIVEN (MAXIMUM FIVE
CANDIDATES BEARING THE FOLLOWING ROLL NUMBERS ARE DECLARED TO HAVE
PASSED THE INTERMEDIATE COMMERCE (PRIVATE) GROUP PART - II (CLASS XII)
SUPPLEMENTARY EXAMINATION 2025.
20872(483)
21702(541)
22091(453)
23441(466)
28341(472)
19831(475)
19835(491)
19836(508)
19838(488)
20121(541)
28342(474)
28345(503)
28348(504)
28354(452)
28355(515)
28362(501)
28364(502)
28365(490^ 2)
29671(506)
29672(503)
28356(530)
28357(518)
28358(527)
28359(465)
28361(465)
17473(533)
18502(510)
19542(484)
19544(516)
19545(444)
11539(455)
11540(542)
11542(544)
11545(466)
11546(508)
11547(487)
11548(496)
11549(514)
11550(544)
12932(455)
15051(474)
15053(505)
15057(438+ 2)
15783(479)
17134(498)
13037(502)
13038(529)
13415(495)
13423(448^ 1)
13425(479)
29673(514)
29674(486)
29675(471)
29679(535)
29680(543)
29682(536)
30392(454)
30393(458)
30396(486)
30397(512)
11242(528)
11531(528)
11533(486)
11534(515)
11538(474)
10001(505)
10005(494)
10006(450)
10013(487)
10015(516)
10763(484)
10766(478)
10767(499)
10769(505)
10770(466)
Grade : D
12781(599)
13417(562)
14522(561)
19002(549+ 1)
19543(569)
19833(577)
20221(551)
20371(600)
21124(605)
21126(561)
10010(630)
10761(554)
10765(632)
10775(612)
11535(576)
11536(619)
11541(594)
11543(559)
11544(567)
12294(637)
22341(653)
24691(615)
25441(602)
28344(616)
28353(631)
36118(605)
40372(553)
40373(574)
41291(578)
41292(573)
41493(603)
42332(561)
42621(611)
***********
31492(580)
32463(569)
34181(557)
34343(551)
35822(649)
28363(605)
29684(556)
29685(607)
30395(631)
30681(568)
30684(581)
30695(554)
30696(567)
30706(628)
30707(560)
Grade : C
12931(671)
13036(663)
13427(660)
16212(719)
17132(738)
30398(684)
35823(722)
37998(687)
39931(674)
18114(678)
21121(701)
21701(689)
22342(737)
30394(662)
Grade : B
20971(784)
32461(806)
32468(818)
36983(813)
39544(826)
Grade : A
****NIL****
Grade : A-1
10001 - 49999
GRACE MARKS CASES ARE INDICATED WITH CARET(^) SIGN
2
16654(428)
32462(428)
32467(425)
34345(393)
35242(417)
36985(429)
37224(424^ 1)
40712(395)
43212(425)
Grade : E
40711(447)
40861(458)
41104(525)
41391(469)
41491(445)
38477(526)
38479(449)
39545(492)
40182(541)
40561(448)
43462(480)
43701(478)
44051(450)
44641(542)
44991(523)
41492(513)
41891(473)
41992(502)
42972(444)
42974(506)
36984(480)
36987(485)
37222(523)
37996(519)
38472(441)
30701(524)
30702(460)
30705(500)
31833(531)
32464(536)
30691(513)
30693(498)
30694(535)
30697(456^ 1)
30699(491)
30682(448)
30685(489^ 3)
30687(499)
30688(507)
30689(519)
35721(534)
36111(465)
36114(471)
36120(503)
36831(474)
32912(514)
32915(519)
32916(454)
34332(522)
34333(484)
32469(499)
32904(462)
32905(529)
32906(471)
32911(468^ 2)
.
35821(393/600)
PASS
