Science 
                  General Part II
URL: https://www.biek.edu.pk/Result-2022/Part-II/SG/RESULT-GAZETTE-SGR-II-ANNUAL-2022.pdf
Source: https://www.biek.edu.pk/LastResults.asp

1
NOTE: MARKS OBTAINED BY ALL THE SUCCESSFUL CANDIDATES ARE INDICATED WITHIN
MARKS) TO RAISE THEIR GRADES IN HARDSHIP CASES ARE INDICATED WITH PLUS(+) SIGN AND
PARANTHESIS AGAINST THEIR ROLL NUMBER AND THE EXTRA MARKS GIVEN (MAXIMUM FIVE
CANDIDATES BEARING THE FOLLOWING ROLL NUMBERS ARE DECLARED TO HAVE
PASSED THE INTERMEDIATE SCIENCE (SCIENCE GENERAL) GROUP PART - II (CLASS
XII) ANNUAL EXAMINATION 2022.
315579(498)
315581(529)
315592(525)
315594(474^ 5)
315595(473)
315602(534^ 2)
315610(540^ 3)
315615(503^ 3)
315647(540^ 3)
315651(544)
Grade : D
315612(563^ 2)
315618(631)
315620(645)
315628(636)
315632(654)
315601(639)
315603(633)
315604(591)
315607(612)
315609(548+ 2)
315582(566)
315586(653)
315589(635^ 1)
315591(592)
315599(570)
315690(597)
325521(568)
325522(601)
333073(553)
***********
315666(634)
315671(618)
315672(558)
315678(586^ 3)
315681(572)
315637(604)
315644(633)
315650(617)
315652(623)
315658(572^ 3)
Grade : C
315664(693)
315665(755)
315667(663)
315673(735)
315680(687)
315687(718)
315643(666)
315653(762)
315656(726)
315659(685)
315660(683)
315573(692)
315580(677)
315583(688)
315590(686)
315598(747)
315631(757)
315633(688)
315636(764)
315641(751)
315642(665)
Grade : B
315600(852)
315622(800)
315626(801)
315639(855)
315640(781)
315648(841)
315654(831)
Grade : A
315576(931)
315606(956)
315624(934)
315638(943)
Grade : A-1
Jinnah Govt. College Nazimabad
****NIL****
Grade : E
315514(539)
315522(468^ 3)
315503(566)
315504(614)
315506(561^ 3)
315507(627)
315509(548+ 2)
315511(573)
315515(545+ 5)
315518(566)
315519(562)
315520(560)
315508(708)
315512(664)
315516(735)
315513(800)
315505(918)
315517(914)
Govt. Degree College for Boys 7-D/2, North Karachi
GRACE MARKS CASES ARE INDICATED WITH CARET(^) SIGN
2
315892(625)
321342(563^ 3)
315891(743)
315893(661)
321347(797)
321346(879+ 1)
Amina Public Higher Secondary School
315863(722)
315864(747)
315861(838)
315862(785)
Tabani's College, North Nazimabad Campus
333082(415)
315738(533)
315749(456^ 5)
315765(538)
315786(492^ 3)
315788(510)
315793(544^ 3)
315796(522)
315797(482^ 6)
333081(517)
315732(594)
315734(647^ 2)
315739(608^ 3)
315755(594)
315760(645)
315767(604)
315768(616)
315771(638)
315773(562)
315774(633^ 2)
315785(591)
315798(573)
315801(592)
315731(729)
315742(697)
315743(753)
315747(675)
315748(699)
315757(719)
315772(740)
315776(742)
315777(662)
315790(657+ 3)
315736(829)
315741(836)
315746(873)
315752(784)
315762(778)
315769(774)
315770(781)
315775(844)
315789(820)
Pakistan Shipowner's Govt. College
315686(511)
315692(510)
3
316108(892)
316114(927)
316118(912)
316119(913)
316123(934)
316127(955)
316129(911)
316132(923)
316135(907)
316144(959)
Dehli Govt. College
321401(654)
321402(659^ 2)
316061(683)
316063(718)
321403(706)
316064(839)
316065(769+ 1)
316062(909)
Aga Khan Higher Secondary School
325653(405)
316016(517)
316029(469^ 5)
316031(494^ 2)
316037(499)
325652(536)
316000(494^ 2)
316003(445^ 1)
316005(544^ 3)
316008(469^ 3)
316009(508^ 1)
315941(495)
315951(536^ 2)
315969(544)
315970(518)
315991(492)
315964(654)
315965(605)
315966(650)
315972(585^ 2)
315973(614)
315949(550^ 3)
315953(608)
315954(590)
315955(603^ 1)
315962(585)
315943(614)
315945(570)
315946(576)
315947(577)
315948(565^ 1)
315981(598^ 3)
315986(610)
315987(586)
315990(549+ 1)
315992(618)
316020(618)
316002(654)
316006(599^ 1)
316007(593)
316013(557)
316014(609)
315993(572)
315994(596)
315995(573^ 3)
315997(625)
315999(592^ 1)
315942(691)
315957(755)
315967(656+ 4)
315982(733)
316001(660)
316004(663)
316010(660)
316012(665)
316015(712)
316032(683)
315985(869)
Govt. Degree Science & Commerce College Asifabad
315900(511^ 3)
4
316271(709)
316272(691)
316274(730)
316275(657+ 3)
316276(733)
316261(745)
316262(684)
316263(677)
316267(692)
316270(736)
316288(791)
316290(837)
316291(793)
316294(802)
316295(776)
316264(781)
316273(794)
316279(792)
316282(822)
316285(796)
316304(798)
316306(810)
321521(786)
321522(793)
321529(768+ 2)
316296(868)
316298(850)
316299(830)
316300(847)
316303(848)
316265(922)
316289(976)
316293(924)
316297(964)
316307(938)
316308(896)
321524(1020) 321526(955) 321527(876+ 4) 321534(944)
Sir Adamjee Institute
316207(496)
316201(598)
316203(625)
316204(595)
316205(620)
316206(583^ 2)
321501(557)
321502(606)
325701(590)
325702(683)
Mehran Degree College
316103(503)
316107(637)
316112(621)
316113(618)
316116(643)
316121(633)
316134(632^ 2)
316147(584)
316120(724)
316122(726)
316130(695)
316131(658+ 2)
316137(720)
316105(681)
316106(669)
316109(677)
316110(696)
316111(751)
316154(706)
316138(700)
316139(751)
316141(688)
316142(747)
316152(672)
316101(780)
316102(795)
316124(784)
316125(818)
316126(792)
316128(872)
316133(772)
316136(854)
316140(780)
316143(782)
316145(867)
316148(865)
316149(834)
316150(840)
316151(785)
316146(928)
5
316411(612)
316418(640)
316424(610)
316431(564)
321614(629)
316421(724)
316422(664^ 2)
316423(698)
316425(657+ 3)
316432(663)
316412(713)
316414(757)
316415(761)
316416(730)
316417(679)
321620(742)
321621(721)
321611(707)
321612(721)
321613(740)
321616(665)
321618(745)
316413(775)
316419(812)
316420(863)
316426(795)
316427(821)
316428(778)
316429(777)
316433(795)
316434(784)
316430(907)
The Caspian College
316348(622)
316356(637)
316367(614^ 1)
316368(632^ 3)
316369(635)
316371(646)
316372(591)
321582(594)
321588(652)
316375(709)
321585(658+ 2)
316343(657+ 3)
316345(673)
316346(699)
316350(716)
316351(658+ 2)
316352(702)
316353(749)
316354(678)
316355(697)
316359(751)
316360(714)
316363(675)
316364(684)
316366(704)
316370(677)
316341(792)
316342(795)
316347(781)
316357(790)
316361(790)
316362(781)
316365(770)
316358(876+ 4)
316373(875+ 5)
321586(898)
College for Advanced Studies
316266(646)
316268(654)
316269(593)
316277(652)
316278(637)
316281(619)
316286(559)
316311(612)
316313(589)
316315(646)
316316(564)
316317(623)
321525(635^ 1)
321532(602)
321535(599)
316301(663)
316302(663)
316305(673)
316309(736)
316310(663)
316280(733)
316283(741)
316284(689)
316287(675)
316292(658+ 2)
321531(731)
321533(666)
316312(706)
316314(712)
321523(716)
321528(684)
321530(700)
6
316590(869)
316591(765+ 5)
316592(859)
316593(808)
316596(840)
316570(787)
316576(841)
316580(834)
316581(772)
316588(831)
316551(837)
316553(812)
316564(813)
316565(847)
316567(807)
316597(863)
316602(792)
316603(857)
316615(790)
316616(786)
316645(814)
316647(867)
316650(782)
316637(792)
316638(802)
316641(765+ 5)
316642(768+ 2)
316644(805)
316620(850)
316621(845)
316626(787)
316628(784)
316631(786)
316563(901)
316572(883)
316577(918)
316582(977)
316583(913)
316584(878+ 2)
316589(929)
316640(951)
Govt. College For Men Nazimabad
336061(547+ 3)
316504(742)
316505(675)
316511(689)
321642(706)
321641(816)
316507(882)
Bahria Foundation College (Nazimabad Campus)
316471(624)
316474(621)
316473(753)
316475(738)
316477(677)
316476(768+ 2)
The Smart College, F.B. Area
321617(572)
321619(610)
7
316803(850)
316809(836)
316811(830)
316832(792)
316836(853)
316805(967)
Aisha Bawany Govt. College (Morning)
316721(566)
316735(742)
316737(693)
316748(705)
316763(751)
316766(746)
316768(691)
316769(720)
316725(772)
316730(868)
316731(778)
316734(865)
316736(792)
316738(851)
316739(774)
316743(850)
316744(869)
316750(830)
316754(800)
316755(862)
316759(837)
316762(806)
316765(791)
316756(911)
316757(909)
316758(878+ 2)
316760(1012) 316761(936)
316764(941)
316747(890)
316749(928)
316751(935)
316752(900)
316753(1001)
316722(888)
316724(887)
316726(937)
316727(952)
316728(991)
316729(1026)
316733(987)
316740(982)
316742(978)
316746(952)
Adamjee Govt. Science College
316607(534)
316630(538)
316651(512)
325761(473)
316574(587)
316575(597)
316586(605)
316598(646)
316600(623)
316554(647)
316555(620)
316556(647)
316568(619)
316573(644)
316632(638)
316643(632)
316648(640)
325762(559)
325763(557)
316612(647)
316617(589^ 2)
316618(614)
316625(652)
316627(582)
316579(669)
316585(749)
316587(680)
316594(759)
316595(705)
316599(730)
316601(721)
316604(739)
316605(760)
316606(729)
316552(745)
316557(666)
316558(682)
316559(705)
316560(738)
316562(735)
316566(746)
316569(731)
316571(739)
316578(703)
316633(749)
316634(759)
316635(737)
316636(719)
316639(751)
316646(686)
316649(681)
316608(692)
316609(731)
316611(674)
316613(740)
316614(687)
316619(667)
316622(660)
316623(661)
316624(674)
316629(696)
8
316983(778)
316990(835)
Fatimiyah College Boys Campus
322062(518^ 2)
322073(515^ 2)
327481(523)
316886(652)
316887(645)
316888(626)
316891(625)
316892(578)
316876(618)
316878(645)
316879(610)
316880(651)
316885(609)
316941(627)
316943(566)
322063(560)
322064(632)
322070(593)
316894(643)
316896(654)
316915(626)
316933(601)
316934(621)
316889(685)
316893(756)
316898(662)
316899(723)
316902(763)
316871(759)
316872(721)
316881(703)
316883(669)
316884(742)
316908(662)
316911(739)
316914(669)
316918(731)
316924(696)
316932(660)
316935(692)
316940(747)
322072(750)
316925(745)
316927(683)
316928(763)
316929(667)
316931(708)
322069(803)
322074(782)
316900(821)
316901(816)
316903(825)
316904(829)
316905(848)
316874(784)
316875(856)
316877(779)
316895(773)
316897(768+ 2)
316906(849)
316907(812)
316910(776)
316912(790)
316913(825)
316930(807)
316936(803)
316937(788)
322066(823)
322068(843)
316916(873)
316917(789)
316919(787)
316923(847)
316926(802)
316882(897)
316909(974)
316920(924)
316921(950)
316922(934)
322065(883)
322067(880)
322071(895)
College of Emerging Technologies
316822(463^ 3)
316824(533)
316826(539)
316830(539)
316831(531)
316839(544)
316840(529^ 3)
316804(650)
316807(586)
316814(652)
316819(649)
316823(548+ 2)
316825(600)
316827(592)
316828(654)
316842(549+ 1)
316802(688)
316806(763)
316808(657+ 3)
316810(664)
316812(755)
316813(747)
316815(693)
316817(747)
316818(726)
316821(658+ 2)
316829(734)
316834(708)
316835(698)
316837(698)
9
317170(891)
317189(898)
317207(933)
317218(929)
317228(954)
317237(984)
317242(931)
PECHS Education Foundation Govt. Degree Science College
317050(533)
317098(525^ 1)
317121(522)
317066(635)
317070(615)
317077(621)
317079(613)
317083(641)
317043(629)
317044(551)
317045(639)
317054(602)
317065(648)
317115(643)
317123(654)
317132(619)
317089(644)
317090(595)
317091(560)
317094(648)
317112(597)
317078(655+ 5)
317080(701)
317081(721)
317082(754)
317085(724)
317069(731)
317073(660)
317074(758)
317075(656+ 4)
317076(687)
317042(667)
317051(729)
317059(752)
317061(699)
317068(699)
317126(692)
317127(712)
317128(738)
317129(690)
317108(671)
317109(763)
317110(674)
317116(707)
317122(682)
317088(681)
317093(721)
317096(740)
317105(752)
317106(691)
317097(809)
317099(770)
317100(868)
317101(843)
317102(797)
317041(824)
317048(829)
317052(837)
317056(776)
317057(770)
317125(793)
317103(833)
317104(770)
317107(865)
317113(837)
317118(860)
317058(886)
317067(945)
317071(927)
317084(885)
317086(955)
317114(929)
317117(992)
317120(891)
Govt. National College (Morning)
316974(606^ 2)
316980(652)
316989(648)
316999(619^ 1)
317001(652)
317003(602^ 1)
316977(698)
316978(686)
316979(699)
316981(763)
316982(747)
316971(711)
316972(695)
316973(669)
316975(710)
316976(677)
316984(710)
316985(670)
316986(703)
316987(683)
316988(677)
316997(707)
316998(696)
317000(681)
317002(671)
316991(683)
316992(667)
316993(660)
316995(715)
316996(731)
10
South City Institute of Management & Technology
317301(638)
317304(647)
317310(653)
317322(653)
317302(727)
317303(707)
317305(713)
317306(718)
317308(742)
317311(716)
317312(686)
317313(687)
317314(671)
317315(673)
317316(742)
317307(771)
317309(817)
317317(828)
317319(810)
317320(765+ 5)
317321(773)
317318(907)
Army Public College, Faisal, S.M.C.H.S.
317222(533^ 1)
317162(614)
317163(611)
317165(654)
317167(577)
317169(649)
317173(589)
317174(645)
317190(654)
317221(568^ 2)
317232(622)
317238(586)
317240(652)
317241(612)
317250(556)
317186(704)
317188(735)
317191(656+ 4)
317192(719)
317193(681)
317194(753)
317195(719)
317200(763)
317201(739)
317202(702)
317161(735)
317166(751)
317168(704)
317175(751)
317177(703)
317178(708)
317179(681)
317180(763)
317183(672)
317184(749)
317217(702)
317219(741)
317220(679)
317231(684)
317236(706)
317243(740)
317247(743)
317204(685)
317205(694)
317206(695)
317208(749)
317209(724)
317210(690)
317211(683)
317213(698)
317215(758)
317216(752)
317198(818)
317199(792)
317203(777)
317212(808)
317214(803)
317182(785)
317185(779)
317187(866)
317196(772)
317197(826)
317164(805)
317171(861)
317172(792)
317176(837)
317181(805)
317244(849)
317248(771)
317249(767+ 3)
317230(778)
317233(800)
317234(778)
317235(845)
317239(823)
317224(854)
317225(836)
317226(817)
317227(823)
317229(821)
11
Al-Hamd College of Professional Education
317455(496)
317460(530^ 2)
317461(483)
317471(493^ 1)
317474(525^ 3)
317479(543)
317453(555)
317467(599)
317477(573^ 2)
317482(577)
317485(565)
317489(553)
322194(570^ 2)
317476(680)
317478(692)
317452(843)
C.M.S Govt. Higher Secondary (Campus School) Boys & Girls, Nishter Road
317422(552)
317424(623)
322172(644)
317411(751)
317414(758)
317423(701)
317412(853)
317413(793)
317418(808)
317419(857)
317420(803)
317421(828)
322171(824)
317416(975)
317417(975)
Tabani's College
317374(531^ 2)
325901(513)
317363(632)
317364(595)
317365(651)
317366(600)
317367(597)
317368(624)
317370(610)
317361(663)
317362(659+ 1)
317369(686)
325902(776)
12
317627(644)
317638(596)
322291(614)
322292(647)
322294(651^ 3)
322296(584)
317621(712)
317623(745)
317624(714)
317625(704)
317626(724)
317628(729)
317630(694)
317632(703)
317637(754)
322295(660)
322298(753)
322300(716)
317634(781)
317636(820)
322293(789)
317635(879+ 1)
322297(894)
Bahria College (M.T. Khan Road)
317567(545^ 2)
317568(544^ 2)
317566(621)
317571(586)
317577(654)
317579(605)
317572(671)
317573(733)
317574(687)
317575(741)
317578(680)
317561(697)
317562(699)
317565(665)
317569(692)
317570(667)
322249(670)
322255(659+ 1)
322256(668)
322259(719)
317580(699)
317581(688)
317582(694)
317583(742)
322245(662)
317563(774)
317564(835)
317576(832)
322241(850)
322242(859)
322244(776)
322248(847)
322246(944)
322254(930)
Army Public College, Saddar
317523(561)
13
317845(647)
317849(585)
317854(613)
317857(644)
317862(609)
317864(642)
317865(599^ 1)
317866(644)
317867(624)
317873(558^ 2)
317878(632)
317841(729)
317847(720)
317848(722)
317852(760)
317853(676)
317855(737)
317856(687)
317858(754)
317859(670^ 1)
317860(661)
317861(722)
317871(661)
317872(735)
317880(763)
317882(715^ 1)
317844(766+ 4)
317846(791)
317850(774)
317851(783)
317863(786)
317868(851)
317869(783)
317870(841)
317875(794)
317877(831)
317842(937)
317843(942)
317874(921)
317876(894)
317881(892)
F.G Boys Inter College, Dr. Daud Pota Road
317712(479^ 3)
317700(626)
317702(653)
317704(618^ 1)
317709(632)
317710(604)
317711(594^ 2)
317713(577^ 3)
317717(602^ 2)
317721(624^ 2)
317729(585)
317737(607)
317749(584)
317750(618)
317752(594^ 2)
325951(594)
317718(748)
317720(676)
317722(718)
317724(657+ 3)
317725(716)
317691(709)
317698(727)
317703(760)
317707(702)
317715(670)
317682(732)
317684(715)
317685(733)
317686(685)
317689(736)
317726(713)
317727(713)
317728(667)
317733(758)
317734(718)
317754(714)
317755(656+ 4)
317744(740)
317746(714)
317747(733)
317751(687)
317753(692)
317736(742)
317738(715)
317739(675)
317742(731)
317743(742)
317695(832)
317697(826)
317705(769+ 1)
317706(803)
317708(860)
317683(765+ 5)
317687(772)
317690(776)
317693(804)
317694(839)
317745(765+ 5)
322382(874)
317716(786)
317730(776)
317731(801)
317740(821)
317741(823)
317681(925)
317688(907)
317692(880)
317696(909)
317701(919)
317732(931)
317735(993)
317748(934)
DHACSS Degree College (Intermediate)
14
Pak-Turk Maarif International School & College (Higher Secondary) Clifton
318050(616)
322612(628)
322613(649^ 1)
318042(742)
318045(657+ 3)
318046(740)
318047(720)
318051(675)
322611(666^ 2)
318041(813)
318043(818)
318044(767+ 3)
318048(830)
318049(855)
322615(827)
N.J.V. Govt. Higher Secondary School (Campus), Saeed Manzil
317992(524)
318007(534)
317957(609)
317961(599)
317963(618)
317964(567)
317965(646)
317923(634)
317925(627)
317928(641)
317936(648)
317947(560)
317994(623)
317995(604)
317999(597)
318000(597)
318001(637)
317966(573)
317973(605)
317978(621)
317979(643)
317991(643)
317944(690)
317945(661)
317946(673)
317949(681)
317951(689)
317934(677)
317937(680)
317938(663)
317940(735)
317943(711)
317921(720)
317924(748)
317926(689)
317929(753)
317932(723)
317953(661)
317968(680)
317969(692)
317970(678)
317972(674)
317998(713)
318004(660)
325981(708)
317986(709)
317987(716)
317990(759)
317993(670)
317996(732)
317977(764)
317982(734)
317983(750)
317984(677)
317985(694)
317942(849)
317950(786)
317958(780)
317962(776)
317967(799)
317927(804)
317930(826)
317931(785)
317933(874)
317935(769+ 1)
318002(847)
317974(792)
317980(783)
317981(820)
317988(832)
317989(827)
317948(880)
317959(878+ 2)
317960(978)
317976(920)
Islamia Govt. Science College
15
318223(543)
322686(521)
318204(580^ 2)
318207(624)
318213(607)
318215(618)
318218(650)
318219(595)
318220(600)
318224(598)
318225(643)
322685(557^ 2)
318208(701)
318210(714)
318212(660)
318214(728)
318216(686)
318217(703)
318222(665)
318201(774)
318205(834)
318209(843)
322684(787)
318206(925)
318211(922)
SSAT Degree College
318150(533^ 2)
318170(508)
334212(513)
318143(567)
318148(603)
318153(596)
318162(624)
318168(625)
318171(560^ 2)
318141(721)
318144(655+ 5)
318152(702)
318163(704)
318167(734)
318172(750)
318175(695)
318142(826)
318160(847)
318165(796)
318146(914)
S.M. Govt. Science College
318097(546^ 2)
318092(637)
318094(643)
318095(549+ 1)
318096(600)
318098(635)
318102(631)
318091(727)
318093(716)
318099(674)
318100(709)
318101(852)
16
318382(579)
The American College, Clifton
318313(541)
318328(536)
318346(510)
322730(519^ 3)
318341(599)
318343(616)
318345(619)
318349(592)
318350(588)
318352(633)
318353(596^ 3)
318354(635)
318355(578)
318356(574)
322723(597)
322725(561^ 3)
322732(645)
322737(591^ 3)
322739(561)
318298(610)
318302(585)
318305(635)
318307(575^ 1)
318314(595)
318265(610)
318288(643)
318290(627)
318292(621)
318294(581)
318333(621)
318336(570)
318337(617)
318338(580)
318340(597)
318315(645)
318319(569)
318325(638)
318329(653)
318331(646)
318281(697)
318283(670)
318286(731)
318287(701)
318291(764)
318295(687)
318296(686)
318299(674)
318301(760)
318304(737)
318261(665)
318262(686)
318264(745)
318268(754)
318271(703)
318272(748)
318275(710)
318276(668^ 3)
318277(706)
318280(683)
318306(699)
318308(726)
318310(712)
318312(741)
318317(757)
318335(666)
318342(723)
318344(672)
318348(657+ 3)
322722(714)
322729(673)
322736(680)
322740(663)
322745(673)
318318(685)
318321(726)
318322(760)
318323(718)
318324(728)
318326(748)
318327(693)
318330(679)
318332(676)
318334(764)
318263(779)
318270(869)
318273(788)
318274(792)
318278(772)
318279(789)
318282(769+ 1)
318284(864)
318293(825)
318300(813)
318303(771)
318309(789)
318347(773)
318267(896)
318269(912)
318285(932)
318289(883)
318297(989)
322724(905)
322741(937)
St. Patrick's College (Morning)
17
Govt. Degree Science & Commerce College Lyari
318523(572)
318524(560)
318525(635)
323031(651)
323034(644)
318528(701)
326091(673)
318526(793)
The Nation's College of Science Arts & Commerce DHA-I, Karachi
318481(540)
318483(536)
318484(498^ 1)
318488(526)
318482(569)
318485(655+ 5)
318486(683)
318487(662)
Al-Bayan Institute (Intermediate)
318446(521^ 2)
318448(510)
318443(564)
318445(703)
326061(678)
Memon Degree College (Intermediate)
18
318772(715)
318773(663)
318774(665)
318775(678)
318776(708)
318778(770)
318787(766+ 4)
318791(789)
318795(810)
318796(805)
323172(810)
323175(849)
323177(849)
323179(851)
318782(925)
318802(946)
323173(905)
323174(951)
323176(903)
323181(884)
Commecs College
318701(499^ 1)
318704(502)
318709(539)
318710(527)
318703(572)
318705(561^ 3)
318706(612)
318707(586^ 2)
318708(699)
318712(673)
318713(671)
318711(794)
PAF Intermediate College, PAF Base Masroor
318641(489)
318623(558)
318627(551)
318636(626)
318626(704)
Nusrat Bhutto Govt. Degree Boys College Lyari
318561(483)
318562(584)
19
318947(657+ 3)
318950(666)
318954(667)
323260(673)
323264(723)
318920(681)
318924(703)
318926(753)
318930(742)
318934(715)
323266(693)
323268(709)
323278(723)
323288(673)
323292(743)
326204(678)
326206(727)
323296(692)
323298(688)
323303(712)
323309(689)
323311(741)
323254(815)
323257(829)
323258(785)
323259(819)
323269(845)
318914(871)
318923(810)
318927(782)
318932(783)
318937(868)
323272(812)
323274(849)
323275(804)
323276(781)
323279(856)
323293(778)
323297(802)
323302(832)
323312(798)
323313(806)
323281(828)
323285(835)
323289(842)
323290(782)
323291(872)
318911(917)
318915(911)
318916(902)
318925(933)
323283(933)
323284(925)
323306(909)
323307(984)
Govt. Deg. Sc./Commerce College Block 7, Gulshan-e-Iqbal
326186(388^ 2)
318844(529)
318878(507^ 1)
326187(445)
318845(564)
318852(646)
318865(592)
318885(554)
326183(582)
326185(567)
318843(662)
318856(691)
318860(760)
318867(659+ 1)
318871(658+ 2)
318872(716)
318874(665^ 1)
323221(708)
318877(952)
Ghazi Foundation College, Gulshan-e-Iqbal
318806(541)
318771(634)
318779(623)
318780(634)
318783(606)
318784(600)
318785(623)
318788(598)
318793(630)
318799(624)
318800(617)
318803(604)
318804(549+ 1)
318805(651)
323171(624)
318777(695)
318781(726)
318786(692)
318790(757)
318792(728)
318794(750)
318797(677)
318798(687)
318801(672)
323180(694)
323182(751)
20
Metropolitan Intermediate College, Gulistan-e-Jauhar
319104(543)
319109(483)
319108(581^ 1)
319110(620)
319111(563)
319112(653)
323381(608)
319101(711)
319105(687)
323382(659+ 1)
Shaheen Public College, Gulistan-e-Jauhar
Ideal Degree College, Gulshan-e-Iqbal
318912(511)
326201(440)
318945(630)
318955(565)
323253(565)
323255(634^ 1)
323256(592^ 2)
318935(589)
318938(638)
318939(654)
318940(652)
318944(579)
318913(580)
318918(640)
318919(589)
318929(606)
318933(576)
326203(638)
326208(633)
323280(634^ 2)
323295(654)
323300(591)
323304(646)
323310(642)
323263(635)
323270(629)
323271(621)
323273(582)
323277(609)
21
319302(696)
319304(673)
319308(672)
323702(714)
319312(827)
The Smart College, Gulshan-e-Iqbal Block-6
319252(516)
319253(522)
319254(521)
319263(498^ 2)
319268(547^ 1)
319255(587)
319256(625)
319257(579)
319259(588)
319264(608^ 1)
319265(601)
323671(634^ 3)
319262(739)
319258(768+ 2)
Rowan College
319201(598)
319205(605)
319207(609)
319202(741)
319204(744)
319206(710)
319203(806)
Pak-Turk Maarif International School & College, Gulistan-e-Jauhar
326301(542^ 1)
323531(566)
323532(604)
22
319455(645)
319456(604)
319457(642)
319461(608)
324053(631)
319451(661)
319452(700)
319453(659+ 1)
319454(657+ 3)
319458(758)
319459(670)
319460(708)
324051(776)
A.S.F. Intermediate College
319404(516^ 1)
319408(522)
327981(510)
319405(587)
319407(615)
319409(618)
323763(568)
326401(650)
319402(704)
319406(659+ 1)
Adler College
319352(505)
319357(516)
319360(503)
319355(565)
319356(571)
319359(640)
319361(598)
319362(596)
319365(654)
319367(635)
319369(619^ 2)
323731(585^ 3)
319351(708)
319354(709)
319358(726)
The Smart College, University Road
319309(536^ 2)
319314(521^ 3)
319315(468)
319305(588)
323701(573)
23
324113(650)
324120(569^ 2)
324136(627)
324147(649)
324158(619)
319573(747)
324112(664)
324115(711)
324116(713)
324119(672)
319563(701)
319565(730)
319566(713)
319569(760)
319570(736)
319552(677)
319554(757)
319557(738)
319558(679)
319562(744)
324157(692)
324159(760)
324162(726)
324163(743)
324135(668)
324144(707)
324145(670)
324154(667)
324156(739)
324121(747)
324124(739)
324125(673)
324128(690)
324131(702)
319571(800)
319572(866)
319574(834)
319578(821)
319588(840)
319590(859)
319592(858)
319593(827)
319594(849)
324111(873)
319551(817)
319553(767+ 3)
319555(817)
319556(786)
319559(852)
319560(823)
319561(868)
319564(868)
319567(787)
319568(860)
324138(789)
324143(853)
324146(786)
324148(796)
324149(857)
324150(785)
324151(829)
324153(838)
324155(857)
324114(871)
324123(824)
324126(836)
324127(821)
324129(771)
324130(805)
324132(872)
324133(804)
324134(772)
324137(854)
324122(968)
324139(879+ 1)
324140(891)
324141(888)
324142(892)
324152(901)
324160(988)
324161(916)
319575(900)
319576(890)
319577(889)
319579(991)
319580(944)
319581(967)
319582(880)
319583(945)
319584(990)
319585(962)
319586(973)
319587(907)
319589(885)
319591(950)
324117(909)
Bahria College (Karsaz)
319504(525^ 1)
319506(490)
334762(470)
319501(554)
319505(612)
319508(584)
319509(553^ 2)
319513(604^ 1)
319514(559)
326421(568)
319512(745)
Ali Intermediate College
24
319767(905)
319786(915)
KBV CAA Model School & College
319721(581^ 1)
319722(585)
319723(591)
Iqra Intermediate College for Boys & Girls, Shah Faisal Colony
334781(494)
319635(538^ 1)
319643(499)
319677(523)
319683(515)
319689(524)
319648(619)
319653(613)
319655(619)
319659(562^ 2)
319664(600)
319631(564)
319632(631)
319633(607)
319636(564)
319640(618^ 1)
319675(581)
319685(632)
326441(626)
326444(621)
334782(623)
319665(594)
319667(613)
319669(592)
319671(571)
319673(614)
319646(718)
319649(696)
319650(681)
319652(701)
319654(680)
319634(684)
319637(760)
319641(716)
319642(677)
319645(738)
319656(682)
319661(717)
319662(678)
319668(694)
319670(656+ 4)
319686(734)
319687(729)
319672(693)
319676(663)
319679(672)
319680(747)
319681(732)
319638(811)
319647(873)
319651(850)
319657(785)
319660(813)
319678(837)
319682(805)
319684(832)
319644(967)
319688(875+ 5)
Govt. Superior Science/Commerce College, Shah Faisal Colony
324118(546^ 1)
25
319885(688)
319886(727)
319889(674)
319895(720)
319896(658+ 2)
319900(696)
319902(667)
326475(755)
319882(798)
319890(805)
319892(785)
326472(929)
Bright Success College
319826(532)
324332(521)
324343(534^ 3)
319825(619)
319827(634)
319845(623)
324331(561)
324334(562)
324336(585)
324339(562)
324340(605)
324342(613)
324344(598)
324345(587)
319821(755)
319822(710)
319823(674)
319824(667^ 1)
319828(724)
319829(725)
319833(735)
319838(684)
319841(691)
319843(757)
319844(705)
319847(745)
324337(675)
324338(678)
324341(760)
319837(782)
319839(773)
319840(835)
319842(822)
319846(778)
319831(837)
319832(808)
319834(851)
319835(849)
319836(793)
319830(910)
New Fazaia Intermediate College, Shahrah-e-Faisal
319751(642)
319755(618)
319779(653)
319783(653)
324297(643)
319769(665)
319770(730)
319771(757)
319772(760)
319774(713)
319761(762)
319762(762)
319763(756)
319765(715)
319766(743)
319753(689)
319754(664)
319756(731)
319759(699)
319760(721)
324294(757)
324298(670)
324299(664)
319781(704)
319782(744)
319784(751)
324291(723)
324293(760)
319775(741)
319776(678)
319777(683)
319778(754)
319780(742)
319752(830)
319757(832)
319758(778)
319764(789)
319768(771)
319773(866)
319785(798)
319787(841)
319788(791)
319789(790)
324292(809)
26
320137(863)
320138(819)
320139(801)
320141(856)
320144(814)
320132(821)
320133(767+ 3)
320134(839)
320135(849)
320136(815)
320122(836)
320123(859)
320126(839)
320129(837)
320131(780)
320155(958)
320161(902)
324534(939)
324536(976)
324549(875+ 5)
320130(888)
320142(888)
320143(882)
320153(915)
320154(907)
324579(899)
324550(940)
324556(878+ 2)
324559(885)
324560(907)
324562(897)
Govt. Degree Science/Commerce College Malir Cantt.
320032(557)
320033(605)
320031(801)
Abdul Razzak Gabol Govt. Degree Boys & Girls, Razzakabad, Bin Qasim
324412(514)
319953(646)
324411(642)
319952(762)
319951(814)
Cantt. Public Degree College Faisal Cantt.
319897(488)
319898(520)
324387(537)
319881(589)
319883(582)
319888(606)
319891(634)
319893(596)
319894(567)
319899(577^ 1)
326473(591)
27
320251(636)
320270(642)
320279(617^ 3)
320297(549+ 1)
320299(650)
320253(741^ 2)
320254(752^ 2)
320259(763)
320265(711)
320272(766^ 2)
320284(677)
320285(688^ 1)
320288(660)
320291(751)
320295(673)
320296(756^ 2)
320300(672^ 3)
320252(787)
320256(804)
320269(770^ 3)
320271(821)
320278(783)
320289(819)
320290(781)
320292(796)
Jamia Millia Govt. College (Morning)
326591(425)
324622(496^ 3)
324626(520^ 2)
320201(573)
320202(592)
320203(558)
320204(629)
320207(620)
320208(701)
320209(730)
320211(709)
320212(655+ 5)
320206(865)
320210(778)
320205(885)
Green House Higher Secondary School
324532(532)
328201(445)
334921(508)
320140(610)
320157(594)
320160(628)
320163(611)
320167(628)
324542(604)
324547(606)
324561(640)
324563(567)
324567(555)
324569(616)
324533(745)
324539(747)
324541(741)
324543(710)
324544(710)
320149(709)
320152(746)
320156(708)
320158(697)
320162(681)
320121(658+ 2)
320124(688)
320125(759)
320127(727)
320128(748)
324578(677)
324580(675)
324581(718)
324570(688)
324571(760)
324573(702)
324574(730)
324577(732)
324552(669)
324555(752)
324557(662)
324564(708)
324566(706)
320145(855)
320147(853)
320148(866)
320150(809)
320151(791)
320159(791)
320164(777)
324535(817)
324537(779)
324545(842)
324546(779)
324551(865)
324553(770)
324572(823)
324576(827)
28
320485(644)
320487(626)
320488(650)
320489(625)
320490(636)
320491(613)
320492(593)
320506(608)
324773(584)
320486(746)
320496(764)
320497(745)
320499(736)
320501(753)
320502(724)
320504(675)
320505(686)
320484(855)
320493(810)
320494(800)
320495(775)
320498(765+ 5)
320503(799)
New Fazaia Intermediate College, Malir Cantt.
320411(521^ 1)
320421(518^ 3)
320430(510^ 1)
324714(589)
324730(596)
324736(592)
326623(599)
326626(614)
320384(626)
320388(652)
320391(593)
320396(647)
320400(594)
320371(624)
320374(625)
320379(564)
320381(565^ 3)
320382(572)
320401(623)
320402(651)
320405(647)
320409(596)
320413(606)
320426(632)
320427(609)
320433(578)
320436(601^ 3)
324712(593)
320414(581)
320415(546+ 4)
320417(558)
320418(620)
320420(645)
320394(694)
320395(732)
320398(743)
320399(708)
320404(688)
320373(693)
320375(748)
320385(707)
320386(716)
320393(727)
320406(668)
320407(672)
320408(728)
320419(658+ 2)
320428(661)
326625(717)
326627(742)
326628(760)
326629(688)
320434(718)
324727(664)
324734(676)
324735(677)
326624(681)
320377(795)
320392(771)
320397(814)
Kent College of Science & Commerce
320255(540)
320264(547^ 1)
320267(503)
320293(548^ 2)
320298(548^ 1)
320305(549^ 3)
334951(546+ 4)
29
320662(576)
320664(615)
320666(610)
320667(573)
320671(604)
320673(635)
320674(652)
320678(613)
320679(576)
320681(631^ 1)
320663(657+ 3)
320665(682)
320670(699)
320680(671)
320682(685^ 1)
320683(707)
320684(755)
320687(667)
320661(789)
320676(787)
320688(792)
Pak Askari Intermediate College
320622(653)
320623(605^ 1)
320624(598)
324952(637)
324953(645)
320625(704)
320626(697)
320627(709)
324954(665)
320621(810)
320628(767+ 3)
324951(786)
New Fazaia Intermediate College, Korangi Creek
320550(544)
320557(486^ 3)
324814(511)
320554(642^ 1)
320558(575)
320561(641)
320563(630)
320564(611)
320541(639)
320544(578)
320547(608)
320549(652)
320553(577)
324818(574)
324802(569)
324805(555)
324806(649)
324810(564)
324816(620)
320542(685)
320543(730)
320552(655+ 5)
320555(746)
320556(662)
320559(746)
324803(658+ 2)
324804(671)
324809(759)
324820(655+ 5)
320545(796)
320546(820)
320562(804)
SOS Hermann Gmeiner Higher Secondary School
30
325227(522)
320823(629)
320829(644)
325222(613)
325224(577)
320824(784)
E-Complex College of Arts & Science
320783(598)
320784(641)
325184(601)
325190(617)
325193(559^ 3)
320789(752)
325181(677)
325189(679)
Bel College for Modern Sciences
320722(519^ 3)
320735(508^ 3)
320731(614)
320732(572)
320730(723)
320736(667)
320725(843)
320734(949)
Govt. Degree Science & Commerce College Landhi/Korangi
320675(490)
324985(489^ 4)
320685(617)
320686(624)
320690(571^ 3)
324984(625)
31
320961(542)
320963(519^ 1)
Al-Beroni Intermediate College, Ahsanabad
320903(493)
320935(471^ 3)
320937(513)
320912(563)
320925(620)
320926(627)
320928(568)
320930(593)
320932(612)
320934(621)
320936(550)
320924(828)
320929(775)
Govt. Degree Boys College Sachal Goth at Ghazi Goth
320863(581)
325292(624^ 3)
320862(660)
320865(769+ 1)
The Master's College of Science & Commerce
32
321192(661)
321213(718)
321214(676)
321219(711)
321224(735)
321162(714)
321170(750)
321171(680)
321177(677)
321185(754)
321140(731)
321145(681)
321147(676)
321148(731)
321158(687)
321227(759)
321231(741)
321234(674)
321245(671)
321258(671)
321207(826)
321209(822)
321210(784)
321225(864)
321232(772)
321189(771)
321199(872)
321200(793)
321202(851)
321205(799)
321131(797)
321133(792)
321152(783)
321183(808)
321186(792)
321289(796)
321296(815)
321255(784)
321262(783)
321265(786)
321273(804)
321276(819)
321238(859)
321241(810)
321244(800)
321248(769+ 1)
321254(782)
321263(928)
Govt. Degree Girls College Buffer Zone
327031(398)
321075(535)
335541(466^ 1)
321062(608)
321071(623^ 2)
321079(598)
321084(600)
321092(584^ 3)
321093(625)
321066(703)
321067(677)
321070(665)
321073(660)
321086(705)
321090(696)
321074(848)
321081(783)
321082(828)
321091(808)
321072(925)
Abdullah Govt. College For Women North Nazimabad
321008(527^ 2)
335501(508)
321011(585)
321012(590)
321023(577)
321002(753)
321010(658+ 2)
321017(709)
321021(698)
321027(762)
321028(762)
Govt. College For Women New Karachi 11-F
33
321481(698)
Memon Girls College, Block-3, F.B. Area
321422(605)
321424(627^ 1)
321425(574^ 2)
321431(652^ 1)
321433(650)
321436(608)
321437(654^ 1)
321438(588)
321441(647)
321445(612^ 3)
321446(677)
321450(712)
321451(684)
321428(764)
321434(656+ 4)
321435(655+ 5)
321440(724)
321443(733)
321421(789)
321447(768+ 2)
321449(818)
321453(806)
321430(881)
321432(876+ 4)
321439(920)
APWA Govt. College for Women Karimabad
327062(383)
321141(536)
321163(476^ 2)
321173(534)
321191(475)
321197(541)
321229(511)
321230(449)
321240(463^ 1)
321267(542^ 1)
321165(635)
321167(631)
321168(560)
321174(555)
321176(592)
321179(569)
321180(642)
321182(609)
321184(550)
321187(553^ 2)
321134(577)
321138(619)
321139(626^ 3)
321143(569)
321149(659^ 3)
321150(615)
321156(610)
321157(620)
321159(652)
321161(613^ 3)
321233(560^ 1)
321239(653)
321242(606)
321256(582)
321257(566)
321266(596)
321295(589)
321311(577)
321315(652)
321316(644)
321188(597^ 2)
321193(567)
321194(547+ 3)
321195(574)
321196(654)
321201(577)
321203(588)
321206(637)
321218(578)
321223(607)
321259(729)
321271(716)
321275(681)
321277(679)
321280(665)
321286(686)
321288(739)
321299(706^ 2)
321301(659+ 1)
321303(711)
321304(705)
321305(755)
321306(738)
321308(716)
321310(706)
34
321778(794)
321782(808)
321788(801)
321789(856)
321794(864)
321754(822)
321755(814)
321773(871)
321775(803)
321777(824)
321801(808)
321803(811)
321804(823)
321807(766+ 4)
321808(866)
321809(814)
321810(801)
321811(785)
321818(813)
321821(803)
321752(950)
321762(938)
321785(902)
321786(888)
321790(971)
321792(950)
321806(903)
321813(1003)
321825(905)
321827(905)
321829(996)
321836(913)
Sir Syed Govt. Girls College Nazimabad
321683(545^ 1)
321704(537)
321671(631)
321673(576)
321674(546+ 4)
321684(579)
321688(610)
321700(577)
321705(642)
321706(596)
321708(588)
321712(617)
321715(610)
321687(733)
321691(717)
321692(711)
321693(669)
321694(744)
321695(726)
321696(748)
321707(687)
321710(693)
321677(668)
321678(697)
321680(657+ 3)
321681(664)
321686(737)
321672(797)
321679(862)
321689(789)
321697(769+ 1)
321698(817)
321701(865)
321711(768+ 2)
Govt. Degree College for Women Nazimabad
321562(612)
321564(697)
321561(780)
321565(827)
Metropolitan Girls College, F.B. Area
35
321948(570)
321949(583^ 3)
321950(607)
321957(589)
321958(628)
321960(619)
321961(562^ 1)
321954(678)
321956(709)
321962(673)
321947(771)
321951(866)
321953(851)
321955(794)
321942(929)
Shaheed Flying Officer Marium Mukhtar Govt. Girls College
321898(504)
321891(563)
321894(565)
321896(620)
321901(556^ 1)
321911(632)
321910(681)
321895(669)
321897(691)
321900(704)
321905(670)
321907(728)
321903(777)
Jinnah Intermediate College for Girls
321769(534)
321776(507)
336112(542)
321797(642)
321812(647)
321816(643)
321817(617)
321819(580)
321761(614)
321772(593)
321779(579)
321781(603)
321795(592)
336101(626^ 2)
321823(637)
321833(585)
321837(594^ 3)
321846(580^ 3)
321850(593)
321783(729)
321784(742)
321787(696)
321791(738)
321799(694)
321765(753)
321766(732)
321767(688)
321771(713)
321780(695)
321751(742)
321753(705)
321757(673)
321760(749)
321764(738)
321843(734)
321844(709)
321845(665)
321849(701)
321824(714)
321828(684)
321831(723)
321838(754)
321841(685)
321800(723)
321805(663)
321814(724)
321815(666)
321820(711)
321826(816)
321835(779)
36
322217(715)
Govt. Girls H.Sec.School Green Belt Mehmoodabad
322102(653)
322104(571)
322105(631)
322106(634)
322113(641)
322114(652)
322120(545+ 5)
322108(753)
322109(727)
322111(659+ 1)
322115(722)
322118(701)
322110(833)
322117(767+ 3)
322112(880)
Fatimiyah College Girls Campus
322011(553^ 3)
322025(583)
322032(584)
321996(746)
321999(745)
322001(683)
322016(662)
322023(730)
322024(670)
322030(762)
322031(699)
322034(691)
322000(793)
322007(860)
322009(794)
322017(818)
322018(866)
322020(859)
322021(765+ 5)
322028(778)
321997(931)
321998(901)
322002(932)
322003(975)
322004(959)
321991(997)
321992(993)
321993(926)
321994(993) 321995(967)
322005(891)
322006(958)
322008(910)
322010(897)
322012(954)
322027(995)
322013(910)
322015(915)
322019(949)
322022(919)
322026(976)
BAMM P.E.C.H.S. Govt. College For Women
37
322499(941)
322500(922)
Govt. College For Women Shahrah-e-Liaquat
322415(653)
322416(574^ 2)
322418(615)
322424(589^ 2)
322436(579)
322442(646)
322412(677)
322414(748)
322417(731)
322420(670)
322421(666)
322422(674)
322426(742)
322428(741)
322430(759)
322431(723)
322435(669)
322440(711)
322413(865)
322423(842)
322432(784)
322441(814)
322425(920)
322433(918)
F.G. Girls Inter College, Askari-III
322343(625^ 3)
322344(630)
322354(595)
322336(729)
322341(689)
322346(742)
322356(694)
322357(713)
322358(727)
322342(856)
322345(791)
322348(812)
322351(867)
322359(765+ 5)
322360(825)
322331(895)
322332(964)
322333(920)
322334(913)
322335(884)
322338(929)
322339(922)
322340(944)
322347(888)
322349(892)
322350(988)
322355(884)
DHACSS College for Women (Intermediate)
322216(595)
38
322647(667)
322650(730)
322646(804)
Govt. Girls Degree College, Gizri Clifton
322575(584^ 3)
322571(685)
322574(660)
322577(716)
322578(763)
Govt. Degree Science College for Women Lines Area
322527(527)
336501(518)
322484(568)
322485(548+ 2)
322490(647)
322491(628)
322492(566)
322502(649)
322507(645)
322529(591)
322534(595^ 3)
322539(638)
322506(707)
322508(689)
322512(672)
322513(660)
322515(703)
322481(759)
322487(690)
322494(756)
322496(757)
322497(729)
322536(711)
322537(725)
322538(724)
322519(676)
322520(709)
322524(677)
322530(680)
322535(704)
322486(867)
322493(772)
322509(825)
322510(861)
322514(827)
322525(817)
322526(799)
322533(812)
39
322881(564^ 1)
322901(628)
322911(637)
322914(610)
322923(638)
322924(556)
322925(553^ 2)
322892(722)
322893(758)
322894(694)
322897(745)
322904(732)
322907(717)
322910(731)
322915(690)
322917(706)
322891(775)
322896(857)
322898(795)
322902(872)
322905(817)
322882(786)
322884(828)
322886(832)
322888(827)
322890(868)
322919(868)
322922(771)
322909(859)
322912(805)
322913(812)
322916(834)
322918(821)
322883(893)
322885(886)
322887(989)
322895(950)
322900(911)
322906(908)
322908(887)
322920(878+ 2)
322921(910)
St. Lawrance's Govt. Girls Degree College
322841(645)
322843(592^ 3)
322844(582)
322850(629)
322845(689)
322846(695)
322847(713)
322849(693)
322848(792)
Nasra Girls College
322783(609)
322800(631^ 3)
322801(624)
322812(609)
322787(747)
322793(750)
322794(686)
322795(679)
322804(676)
322809(692)
322811(739)
322813(752)
322815(755)
322785(790)
322786(847)
322788(820)
322789(835)
322790(801)
322791(772)
322792(834)
322796(858)
322797(832)
322798(775)
322799(782)
322803(820)
322805(874)
322806(839)
322807(793)
322782(948)
322802(922)
322810(969)
St. Joseph's College for Women
40
336781(534)
323061(613)
323062(590)
323067(627)
323074(594)
323075(625)
323063(655+ 5)
323068(678)
323070(691)
323073(750)
323064(830)
323065(832)
323071(825)
323072(776)
323069(937)
K.M.A. Girls Degree College
323010(454^ 1)
323001(634)
323004(610)
323009(604)
323012(650)
323003(666)
323005(701)
323007(674)
323008(657+ 3)
323002(912)
323011(904)
Muhammad Ismail Allah Wala Women College(Intermediate)
322963(626)
322967(622)
322969(654)
322962(725)
322964(690)
322965(665)
322966(737)
322968(685)
322961(801)
Mama Girls Intermediate College, P.E.C.H.S. Karachi
41
323579(836)
323581(868)
323597(841)
323606(798)
323577(894)
323592(903)
323603(962)
Govt. Degree Girls College Block 13, Gulistan-e-Jauhar
323411(534)
336972(538)
323426(593)
323427(604)
323434(613)
323444(567)
323446(622^ 1)
323412(554^ 2)
323418(596)
323419(556)
323421(653)
323424(549+ 1)
323494(634)
336973(573)
336974(619)
323451(652)
323462(636^ 2)
323466(653)
323490(644)
323492(626)
323436(687)
323440(752)
323452(668)
323456(730)
323461(763)
323415(726)
323416(670)
323417(734)
323431(731)
323432(664)
323493(763)
323463(734)
323467(705)
323470(742)
323471(742)
323485(749)
323479(849)
323482(794)
323483(769+ 1)
323487(783)
323420(816)
323428(778)
323439(838)
323450(817)
323453(869)
323455(869)
323457(818)
323459(836)
323473(820)
323478(781)
323468(878+ 2)
323469(878+ 2)
323474(956)
323475(930)
323476(893)
323447(917)
323448(973)
323454(883)
323460(953)
323464(982)
323495(937)
323481(956)
323486(914)
323488(921)
323489(928)
323491(909)
Govt. Degree Boys & Girls College SRE-III, Majeed, Stadium Road
323106(497)
323107(452)
323108(541)
323109(485)
323112(533)
323115(500)
323117(455)
323120(517)
323124(525^ 1)
323125(515)
323114(646)
323118(626)
323121(649)
323122(605)
323123(583)
323104(716)
323116(685)
323127(682)
323101(852)
323102(806)
323103(795)
Shaheed Benazir Bhutto Govt. Degree Girls College Lyari
42
323815(633)
323819(612)
323820(652)
323825(577)
323826(545+ 5)
323829(626)
323832(576)
323840(649)
323845(626)
323847(632)
323848(647)
323852(608)
323855(648)
323868(570^ 1)
323869(582^ 3)
323816(675)
323817(752)
323821(745)
323823(756)
323824(665)
323805(681)
323807(761)
323809(743)
323812(661)
323813(702)
323791(735)
323792(738)
323793(749)
323796(692)
323797(764)
323859(741)
323862(751)
323871(694)
323839(725)
323849(753)
323851(663)
323853(678)
323854(756)
323828(658+ 2)
323830(657+ 3)
323831(733)
323836(736)
323837(736)
323808(823)
323814(834)
323827(838)
323842(836)
323844(826)
323794(838)
323795(778)
323799(869)
323802(810)
323804(769+ 1)
323872(769+ 1)
323850(797)
323857(856)
323865(833)
323867(824)
323870(801)
323800(908)
323803(924)
323838(933)
323866(892)
Khatoon-e-Pakistan Govt.Deg. College For Women Stadium Road
323641(725)
Pak-Turk Maarif International School & College, Gulsahn-e-Iqbal
323602(498^ 3)
323571(606)
323573(577)
323584(589)
323588(552)
323591(604)
323594(588)
323601(568)
323604(596)
323607(569)
323609(550)
323575(661)
323580(656+ 4)
323582(705)
323583(756)
323589(763)
323593(764)
323595(665)
323598(760)
323599(747)
323608(706)
43
324203(647)
324213(582)
324215(599)
324216(554)
324219(592^ 1)
324227(608)
324235(644)
324244(562)
324246(573)
324250(565^ 3)
324225(707)
324226(680)
324228(743)
324234(715)
324237(685)
324238(761)
324247(666)
324251(763)
324201(787)
324204(789)
324207(784)
324209(834)
324217(821)
324221(857)
324236(801)
324241(799)
324248(844)
324249(799)
324218(886)
324242(878+ 2)
Khursheed Govt. Girls College Shah Faisal Colony
324022(507)
324023(533)
324025(664^ 1)
Park House Grammer H.S.S.
323947(610)
323948(596)
323956(636)
323957(642)
323962(569)
323949(687)
323963(670)
323942(826)
323943(771)
Hayat Ul Islam Girls College
323818(505)
323858(540)
44
324849(825)
324854(872)
324862(818)
324863(857)
324865(781)
Govt. College For Women Korangi No. 4
324651(563)
324656(645)
324659(608^ 1)
324661(581)
324662(561)
324666(585)
324670(600)
324671(588^ 1)
337471(621)
324654(666)
324655(668)
324660(677)
324663(702)
324652(834)
324653(832)
324657(765+ 5)
324664(793)
324665(825)
324668(769+ 1)
324669(799)
Shamsi Society Model Girls Secondary School
324450(434)
328151(421)
324434(485)
324435(469)
324436(462)
324453(496)
324458(520)
324483(526)
324432(642)
324433(580)
324437(639)
324442(639)
324454(569)
324422(608^ 1)
324426(595)
324427(621)
324428(557)
324429(620)
324480(627)
324481(629)
324484(623)
324486(606)
337371(573^ 1)
324461(602)
324475(653)
324476(638)
324477(608)
324479(614)
324423(734)
324438(667)
324439(741)
324440(686)
324444(751)
324459(661^ 1)
324465(693)
324468(717)
324471(657+ 3)
324472(672)
324473(695)
324478(723)
324451(818)
324470(844)
Govt. College For Women Saudabad
324222(526^ 2)
45
325101(673)
325112(755)
325113(662)
325104(795)
325105(828)
325107(783)
325110(768+ 2)
Firoza Khatoon Women College(Intermediate)
325069(652)
325071(603)
325066(663)
325067(657+ 3)
Hawwa Jee Girls Colleges (Intermediate)
325027(537)
325024(652)
325025(600)
325029(612)
325030(559)
325021(725)
Aisha Bawany Girls College (Intermediate)
324841(511)
324842(556)
324843(611)
324847(612)
324850(611)
324852(571)
324856(545+ 5)
324857(566^ 1)
324868(652)
324848(764)
324853(682)
324861(692)
46
325343(487^ 3)
325321(601)
325323(731)
325334(658+ 2)
325335(678)
325333(776)
Jan Muhammad Brohi Govt. Degree Girls College, Gulshan-e-Maymar
325255(538)
325258(772)
Pakistan Steel Madar-e-Millat Girls Degree College, Steel Town
325142(543)
325143(524^ 2)
325141(620)
325145(635)
325147(652)
325144(734)
325148(718)
325151(708)
325152(731)
325146(789)
Khadija Girls College (Intermediate)
325108(600^ 1)
325109(620)
325111(612)
47
Govt. Degree Boys College Razzakabad
326261(723)
Ideal Grammer Higher Secondary School, Suparco Road
328491(430)
325432(511^ 1)
325437(496)
325413(598)
325414(638)
325416(617)
325420(634)
325421(622)
325401(631)
325403(634)
325404(646)
325405(601)
325409(644)
325446(617)
325425(647)
325427(632)
325433(582)
325440(591)
325445(622)
325408(668)
325415(720)
325417(656+ 4)
325423(694)
325424(676)
325428(729)
325429(704)
325431(669)
325402(852)
325418(843)
325419(813)
325422(845)
325426(794)
Govt. Degree Girls College Gulzar-e-Hijri
48
331102(579)
331662(606)
332121(561)
331601(689)
<< PRIVATE FEMALE>>
329561(528)
329721(490)
329722(516)
329723(544)
329724(512)
329121(474^ 3)
329122(525)
329162(485)
329421(536)
329551(536)
330122(465^ 1)
330123(466)
330301(537)
329725(445)
329726(520)
329762(506)
329763(536)
330101(543)
329101(643)
329103(613)
329151(576)
329728(572)
329751(626)
329821(592)
329841(623)
329851(626)
329861(603)
329863(585)
330141(650)
330142(553)
330161(557)
330322(550)
330341(646)
329401(679)
329862(670)
<< PRIVATE MALE >>
Govt. College For Women Korangi No. 6
49
Jauhar College of Information Tech. & Management Sciences
Federal Govt. Boys Inter College
333141(439+ 1)
Shahzaib College North Karachi
331001(539)
331103(538)
331162(506)
331851(509)
332001(536)
332162(538)
50
Govt. Degree Science College Gulshan-e-Iqbal
M.W. Inter College
Indus College
51
Madar-e-Millat Girls College Campus II, Gulshan-e-Hadeed
.
330281(119/200)
330581(297/600)
329181(327/600)
329182(279/600)
329183(277/600)
329681(291/600)
329882(360/600)
PASS
