With 
                  Held
URL: https://www.biek.edu.pk/Result-2022/Part-I/HTP/With-Held%20&%20UFM%20Page%20HTP-PART-I-2022-ANNUAL.pdf
Source: https://www.biek.edu.pk/LastResults.asp

17
Result of the following Roll Numbers will be declared later when the cases for resort to unfair means are
decided by the B.O.G.
25534
********
Marks Statement of the following candidates are WITH-HELD for want of Computerized Registration Card.
25009
25041
25090
25106
25108
25111
25434
25463
25478
25479
25507
25511
25524
25530
25531
25533
25535
25803
25811
25813
25817
25822
25830
25832
25841
25843
25854
25861
25866
25880
25894
25895
25909
25911
25915
26222
26224
26241
26242
26250
26251
26267
26269
26270
26274
26315
26319
26323
26324
26325
26327
26331
26333
26334
26611
26615
26623
26624
26635
26636
26642
26647
26648
26651
26652
26663
26678
26685
26686
26688
26690
27026
27050
27053
27055
27057
27058
27059
27060
27061
27305
27332
27341
27345
27354
27706
27708
27739
28025
28027
28028
28052
28053
28055
28062
28068
28069
28070
28071
28085
28107
28108
28109
28502
28511
28537
28540
28556
28559
28583
28584
28604
28613
28616
28650
28674
28681
28685
28687
28690
28692
28693
28705
28710
28714
28718
28721
28728
28730
28742
28744
28745
28747
28752
28753
28754
28755
28756
28757
28758
28759
28761
28762
28763
28764
28766
29203
29205
29226
29229
29236
29239
29243
29244
29245
29504
29515
29519
29522
29524
29525
29526
29527
29539
29545
29550
29556
29568
29572
29576
29580
29584
29585
29586
29588
29589
29591
29593
29594
29901
29912
29917
29918
30010
30016
30025
30039
30056
30060
30063
30065
30068
30315
30327
30328
30329
30606
30607
30609
30610
30622
30625
30626
31010
31037
31048
31154
31182
31195
31196
31200
31202
31204
31205
31520
31521
31555
31569
31583
31599
31618
31685
31695
31696
31699
31704
32044
32066
32077
32191
32192
32505
32522
32548
32627
32630
32662
32667
32670
32677
32681
32694
32705
32706
32710
32711
33005
33019
33035
33047
33093
33094
33110
33506
33520
33529
33581
33608
33610
33611
33617
33618
33619
33620
33621
33623
33627
34057
34175
34177
34178
34195
34206
34210
34212
34502
34553
35001
35028
35054
35082
35086
35091
35115
35118
35132
35143
35144
35145
35146
35147
35148
35149
35150
35707
35737
35743
35749
35751
35757
35774
35775
35825
35844
35851
35883
35911
35955
35957
35964
35966
35972
35974
35991
35992
35993
35995
35998
36001
36004
36007
36008
36009
36010
36011
36012
36013
36502
36519
36717
36748
36749
36752
37007
37022
37037
37088
37100
37108
37134
37147
37148
37152
37153
37155
37162
37517
37522
37532
37535
37718
37720
37733
37761
37779
37805
37806
37815
37819
38213
38621
38626
38629
38632
------------xxxxxxxx------------
