Science 
                  Pre-Medical  (02-02-2026)
URL: https://www.biek.edu.pk/Result-2025/Supply/SM/RESULT-GAZZETTE-PRE-MEDICAL-HSC-PART-II-SUPPLEMENTARY-2025.pdf
Source: https://www.biek.edu.pk/Result-Declaration-default.asp

1
NOTE: MARKS OBTAINED BY ALL THE SUCCESSFUL CANDIDATES ARE INDICATED WITHIN
MARKS) TO RAISE THEIR GRADES IN HARDSHIP CASES ARE INDICATED WITH PLUS(+) SIGN AND
PARANTHESIS AGAINST THEIR ROLL NUMBER AND THE EXTRA MARKS GIVEN (MAXIMUM FIVE
CANDIDATES BEARING THE FOLLOWING ROLL NUMBERS ARE DECLARED TO HAVE
PASSED THE INTERMEDIATE SCIENCE (PRE-MEDICAL) GROUP PART - II (CLASS XII)
SUPPLEMENTARY EXAMINATION 2025.
105223(566)
105355(605)
105523(628)
105525(547+ 3)
105527(637)
104312(615)
104315(572)
104811(553)
104813(596)
105011(599)
105530(553)
105632(604)
106232(572)
106903(627)
106906(630)
103595(577)
103704(588)
103713(552)
104191(565)
104225(551)
100559(579)
100738(574)
101214(616)
101244(641)
102082(625)
100003(560)
100017(579)
100556(600)
100557(578)
100558(620)
102878(563)
102890(603)
103303(647)
103421(652)
103487(590)
102313(553)
102612(570)
102613(599)
102616(564)
102872(585)
Grade : C
163127(655+ 5)
163216(727)
163602(659+ 1)
163675(743)
163682(669)
163897(675)
165284(692)
166495(655+ 5)
166588(701)
168612(664)
168884(712)
189274(692)
190141(662)
190791(717)
192206(675)
157079(656+ 4)
158351(657+ 3)
158993(705)
160613(660)
161624(669)
115453(660)
115455(658+ 2)
115871(682)
116558(671)
116560(663)
119877(678)
120892(709)
121145(690)
122191(670)
122196(700)
122423(762)
123650(692)
123852(658+ 2)
124813(664)
127773(752)
113208(694)
113739(670)
114087(673)
115442(664)
115447(676)
100473(716)
102192(680)
103482(686)
105225(659+ 1)
105351(670)
105640(678)
107332(682)
110602(711)
112461(682)
113151(740)
113179(668)
113190(737)
113191(664)
113192(703)
113202(690)
127966(657+ 3)
129341(665)
129528(751)
131589(724)
131682(678)
137019(682)
138201(697)
138292(664)
138381(699)
138384(695)
138385(655+ 5)
138951(749)
140450(675)
140829(736)
142481(657+ 3)
146641(682)
149662(740)
153151(661)
156038(678)
157071(740)
135657(661)
136853(678)
136857(663)
136980(669)
137000(724)
131705(669)
131984(673)
132142(692)
132143(761)
132146(738)
132675(707)
132703(712)
132710(658+ 2)
134131(756)
134313(675)
134519(701)
134981(681)
134986(707)
135025(700)
135036(694)
Grade : B
109881(776)
121092(781)
121911(794)
123543(811)
126501(785)
128338(780)
131983(805)
133919(774)
135491(853)
139176(787)
157095(846)
***********
Grade : A
104142(910)
104143(920)
105358(928)
147653(903)
164696(917)
Grade : A-1
100001 - 199999
GRACE MARKS CASES ARE INDICATED WITH CARET(^) SIGN
2
119873(589)
119878(599)
119881(616)
119885(555)
119887(562)
119771(608)
119772(632)
119773(624)
119778(566)
119872(562)
119888(557)
119895(575)
119897(615)
119899(571)
119901(555)
119923(571)
119924(590)
119926(643)
119927(617)
119930(564)
119905(574)
119908(550)
119912(597)
119915(552)
119916(604)
119146(591)
119421(583)
119493(575)
119496(546+ 4)
119702(585)
117689(589)
117695(562)
117708(628)
117711(558)
118282(651)
118381(604)
118394(586)
118627(603)
118630(574)
118631(590)
119031(548+ 2)
119033(606)
119131(546+ 4)
119139(576)
119142(557)
118632(545+ 5)
118634(576)
118635(553)
118941(606)
119001(545+ 5)
119932(600)
119940(576)
119944(565)
120578(564)
120583(615)
122435(571)
122452(577)
122455(553)
122459(613)
122463(572)
122195(559)
122422(620)
122425(580)
122426(575)
122428(567)
122811(555)
122892(550)
122897(554)
122899(547+ 3)
122900(612)
122185(573)
122186(577)
122188(599)
122189(592)
122192(606)
121107(611)
121111(563)
121114(576)
121117(592)
121131(577)
120587(596)
121013(550)
121014(562)
121094(567)
121106(601)
121136(583)
121142(558)
121143(572)
121671(570)
121914(558)
122171(572)
122172(578)
122174(575)
122176(640)
122181(551)
121915(575^ 2)
121924(565)
121925(560)
121926(574)
121928(587)
109886(545+ 5)
109889(605)
109891(561)
110431(570)
110432(568)
109661(557)
109666(586)
109667(557)
109764(569)
109885(560)
110435(552)
110593(554)
111653(556)
112226(553)
112996(553)
113165(571)
113167(602)
113173(565)
113181(597)
113187(608)
113141(563)
113149(564)
113153(601)
113155(601)
113162(555)
109115(556)
109240(582)
109419(598)
109420(570)
109426(576)
107261(601)
107262(601)
107331(570)
107333(549+ 1)
107335(585)
117523(654)
117524(586)
117526(618)
117601(653)
117685(573)
107337(575)
107338(574)
107339(570)
107432(601)
107436(579)
108714(557)
108718(548+ 2)
108861(650)
109041(595)
109042(643)
107561(609)
107881(562)
108091(564)
108531(557)
108532(587)
113189(611)
113194(628)
113196(554)
113199(562)
113741(585)
115881(629)
115883(579)
115884(571)
115886(635)
115892(593)
115846(563)
115856(552)
115858(560)
115862(636)
115874(565)
116492(637)
116495(568)
116499(592)
116504(563)
116510(573)
116569(633)
116571(565)
116572(633)
116600(547+ 3)
116601(546+ 4)
116531(598)
116547(593)
116551(621)
116557(621)
116563(594)
115466(616)
115470(617)
115801(557)
115832(628)
115833(572)
114071(564)
114074(582)
114082(593)
114093(550)
114095(552)
113743(584)
114051(629)
114057(567)
114066(596)
114067(626)
114100(545+ 5)
114643(566)
114666(548+ 2)
114680(564)
114687(617)
115441(559)
115444(596)
115448(555)
115457(587)
115461(558)
114691(574)
114693(568)
114704(547+ 3)
114706(562)
114714(610)
3
132689(592)
132693(580)
132700(610)
132707(578)
132716(558)
132677(598)
132678(582)
132681(592)
132682(629)
132683(555)
132721(651)
132722(550^ 2)
132728(550)
133243(584)
133244(573)
133276(617)
134132(628)
134311(594)
134318(595)
134411(647)
133246(624)
133259(578)
133260(595)
133262(575)
133265(560)
132383(613)
132384(568)
132572(566)
132672(575)
132676(609)
131584(555)
131585(565)
131586(573)
131687(555)
131688(647)
131689(555)
131690(625)
131692(574)
131693(608)
131703(575)
131985(565)
131986(549+ 1)
132144(651)
132147(545+ 5)
132382(607)
131704(557)
131706(554)
131972(588)
131976(635)
131978(595^ 5)
134511(598)
134518(646)
134521(603)
134523(558)
134527(591)
136858(553^ 2)
136953(600)
136955(603)
136960(576)
136963(590)
135635(594)
135661(554^ 1)
136852(649)
136854(630)
136856(643)
136977(578)
136985(563)
137004(548+ 2)
137008(586)
137012(547+ 3)
135024(646)
135029(552)
135618(558)
135623(546+ 4)
135627(630)
134539(649)
134544(588)
134545(621)
134546(575)
134547(583)
134531(631)
134532(605)
134533(628)
134535(651)
134538(634)
134548(570)
134549(576)
134553(609)
134554(575)
134558(628)
135001(599)
135006(547+ 3)
135008(573)
135016(546+ 4)
135019(588)
134983(628)
134988(630)
134990(592)
134993(648)
134994(606)
125171(608)
125173(548+ 2)
125258(583)
125276(574)
125277(562)
124904(601)
124981(570)
124982(551)
125103(616)
125104(583)
125279(564)
125280(545+ 5)
125621(603)
125811(572)
125812(557)
126507(565)
126508(557)
126511(626)
126621(565)
126624(610)
126084(580)
126332(564)
126344(561)
126502(597)
126503(563)
124369(570)
124811(560)
124814(622)
124815(617)
124901(632)
122902(549+ 1)
122921(592)
122922(618)
123511(591)
123542(564)
131222(598)
131223(588)
131281(563)
131311(551)
131420(549+ 1)
123547(643)
123644(561)
123647(630)
123827(623)
123835(588)
124331(601)
124332(604)
124334(593)
124351(560)
124358(562)
123842(569)
123845(608)
123847(590)
123853(637)
124327(567)
126627(580)
126633(573)
126636(548+ 2)
126637(578)
126638(550)
128343(559)
128344(587)
128350(594)
128400(616)
129354(595)
127978(555)
128317(554)
128331(550)
128335(561)
128339(554)
129481(629)
129523(632)
129527(561)
129535(608)
129551(593)
130472(562)
130477(557)
130852(557)
130853(612)
130920(570)
129911(654)
129913(592)
129971(600)
130346(583)
130468(568)
127951(594)
127960(545+ 5)
127961(575)
127967(565)
127970(621)
126660(550)
126664(603)
127091(572)
127092(572)
127093(582)
126639(591)
126640(580)
126642(554)
126644(573)
126658(578)
127094(617)
127095(635)
127096(583)
127099(636)
127231(557)
127455(552)
127531(569)
127533(627)
127534(565)
127731(599)
127341(631)
127343(600)
127451(567)
127453(611)
127454(574)
4
162091(587)
162122(616)
162353(557)
162412(600)
162682(582)
161642(575)
161645(557)
161650(560)
161951(632)
161981(580)
163121(622)
163123(549+ 1)
163124(630)
163201(569)
163204(549+ 1)
163230(605)
163461(623)
163463(611)
163678(578)
163680(623)
163205(637)
163206(635)
163207(578)
163212(609)
163221(550)
160872(574)
161134(588)
161474(570)
161482(547+ 3)
161484(567)
159138(572)
159672(546+ 4)
159673(603)
159832(564)
159833(552)
159841(596)
159844(554)
159865(604)
159869(601)
159873(601)
160680(555)
160683(634)
160686(574)
160688(550)
160689(574)
159876(556)
159889(570)
160612(549+ 1)
160676(578)
160678(606)
163891(625)
163898(557)
164029(600)
164030(551)
164041(547+ 3)
167682(607)
168022(579)
168025(598)
168163(571)
168165(615)
167351(575)
167353(555)
167502(652)
167561(547+ 3)
167681(628)
168176(565)
168832(569)
169021(562)
169056(559)
169064(637)
166968(586)
167272(584)
167274(564)
167276(551)
167277(626)
164056(575)
164057(559)
164400(592)
164562(601)
164971(558)
164042(560)
164044(590)
164045(651)
164048(552)
164050(586)
165273(560)
165275(554)
165276(594)
165281(554)
165290(609)
166274(647)
166275(552)
166493(561)
166494(625)
166566(548+ 2)
165294(586)
165511(634)
165541(644)
165662(567)
165680(564)
141146(590)
141151(571)
141152(545+ 5)
141178(583)
141711(573)
140451(576)
140831(614)
140832(574)
140841(607)
141073(595)
141881(564)
142045(578)
142046(636)
142048(653)
142234(612)
142424(552)
142756(574^ 2)
142911(555)
142912(552)
143285(579)
142244(563)
142248(576)
142421(564)
142422(564)
142423(635)
140121(585)
140221(599)
140323(545+ 5)
140446(582)
140448(606)
137702(574)
137703(564)
137733(630)
138093(591)
138171(552)
158346(556)
158600(574)
158842(563)
159041(598)
159132(577)
138386(616)
138492(605)
138571(582)
138572(595)
138981(607)
139180(553)
139600(558)
139608(606)
139613(638)
139628(564)
138984(625)
138987(553)
139154(580)
139164(555)
139169(566)
143351(555)
143445(550)
144071(633)
145007(595)
145791(549+ 1)
156042(648)
157076(554)
157077(551)
157088(562)
157323(619)
155374(555)
155501(576)
155775(578)
156011(558)
156033(562)
157334(611)
157682(553)
157687(549+ 1)
157694(551)
157703(590)
158201(604)
158242(554)
158244(550)
158245(550)
158248(552)
157706(560)
157707(583)
158032(545+ 5)
158151(613)
158154(557)
153858(592)
154084(576)
154100(630)
154612(611)
155371(575)
149025(586)
149661(563)
150211(570)
150555(546+ 4)
150847(554)
145799(564)
146771(576)
147438(578)
148152(575)
148202(582)
151142(597)
152542(612)
152741(585)
152754(632)
152764(553)
153444(586)
153446(575)
153702(604)
153848(579)
153853(587)
152765(564)
152767(604)
153033(566)
153040(571)
153149(585)
5
109411(453)
109412(486)
109414(544)
109415(436+ 4)
109416(479)
109405(472)
109406(437+ 3)
109408(515)
109409(528)
109410(529)
109417(505)
109424(496)
109425(506)
109662(473)
109664(506)
109887(476)
109888(521)
109892(480)
110101(518)
110434(539)
109665(482)
109762(437+ 3)
109766(517)
109883(515)
109884(449)
109238(450)
109241(508)
109244(439+ 1)
109402(493)
109403(462)
108661(537)
108662(478)
108663(540)
108711(512)
108712(490)
108713(518)
108715(481)
108719(492)
109111(479)
109112(461)
109174(450)
109232(529)
109233(495)
109234(473)
109235(444)
109113(503)
109114(487)
109171(473)
109172(476)
109173(487)
110591(469)
110594(451)
110596(442)
110597(474)
110598(467)
113152(481)
113159(510)
113161(538)
113170(527^ 3)
113174(469)
112997(544)
113111(520)
113142(529)
113145(507)
113146(456)
113182(508^ 1)
113185(521)
113188(519)
113198(475)
113200(512)
112234(524)
112371(518)
112821(470^ 3)
112829(498)
112991(494)
110791(501)
110823(450)
110833(467)
110834(507)
111161(532)
110599(457)
110600(437+ 3)
110601(472)
110603(485)
110604(466)
111232(478)
111233(450)
111234(444)
111239(435+ 5)
111431(500)
111652(505)
111842(441^ 2)
112222(519)
112227(523)
112232(456^ 1)
111461(461)
111534(447)
111535(451)
111536(488)
111537(463)
102902(512)
103483(536^ 1)
103691(532)
103695(454)
103705(486)
102611(460)
102691(506)
102710(465^ 2)
102877(502^ 2)
102892(523)
104222(480)
104226(523^ 2)
104311(485)
104391(466)
104392(488)
103707(512)
103708(523)
103711(505)
104141(520)
104221(502)
100172(443)
100173(517)
100472(453)
100563(470^ 1)
100731(493)
108369(455)
108370(452)
108372(459)
108374(466^ 1)
108631(496)
101202(485)
101222(487)
101229(435+ 5)
101232(530)
101852(480)
100732(463)
100734(507)
100737(455)
100813(542)
100814(503^ 2)
104398(466)
104400(448)
104410(538)
104412(485)
104415(474)
108093(457^ 2)
108351(486)
108352(480)
108355(498)
108357(505)
107435(495)
107438(498)
107440(524)
107562(462)
108092(508)
108363(518)
108364(466)
108366(443)
108367(486)
108368(468)
108358(470)
108359(485)
108360(540)
108361(462)
108362(446)
105356(506)
105357(539)
105455(505)
105638(503)
105801(505)
104812(489)
105221(514)
105321(519)
105352(533)
105353(541)
106902(507)
106909(473)
107336(540)
107431(468)
107434(438+ 2)
106454(502)
106457(464)
106549(543)
106791(484)
106901(520)
Grade : D
169769(567)
185611(549+ 1)
188492(584)
189233(625)
189863(557)
169288(571)
169532(545+ 5)
169611(634)
169763(636)
169768(621)
194113(556)
194471(604)
194472(552)
191491(566)
192651(556)
193291(561)
193371(566)
193971(566)
190092(593)
190331(564)
190332(589)
190621(636)
191041(546+ 4)
6
120981(506)
121011(536)
121015(538)
121091(485)
121095(475)
119939(463)
119946(436+ 4)
120577(496)
120823(541)
120891(525)
121096(508)
121097(502)
121098(515)
121099(456)
121100(530)
121122(452^ 1)
121133(461)
121141(517)
121144(506)
121801(531)
121101(499)
121103(529)
121104(511)
121110(518)
121116(526)
119929(508)
119931(513)
119936(449)
119937(519)
119938(458)
118623(540^ 3)
119125(472)
119126(489)
119127(452)
119129(538)
119135(522)
119136(482)
119137(455)
119141(522)
119143(506)
119882(475)
119896(530)
119903(530)
119918(500^ 3)
119925(481)
119422(531^ 3)
119494(524)
119498(532)
119701(543)
119871(490)
121902(466)
121908(445)
121913(511)
122177(535)
122178(465)
122916(526)
122920(544)
122928(537)
123332(525)
123431(525)
122890(499)
122891(540)
122905(458)
122908(472)
122911(527)
123432(509)
123549(488^ 2)
123648(449)
123651(463)
123813(502)
122461(509)
122812(528)
122814(519)
122881(460)
122889(513^ 2)
122194(521)
122421(487)
122424(503)
122427(527)
122429(507)
122179(510)
122183(483)
122184(537)
122187(510)
122193(487)
122430(499)
122431(464)
122432(486)
122434(543)
122438(495^ 2)
122447(532)
122450(488)
122451(487)
122453(501)
122458(471)
122439(454)
122440(509)
122441(470)
122443(512)
122445(511)
114660(456)
114663(542)
114667(488)
114668(513)
114672(511)
114646(448)
114651(502^ 3)
114652(484)
114654(493)
114656(536)
114674(515)
114675(513)
114677(524)
114678(532)
114681(517)
114705(509)
114709(483)
114715(534)
115459(517)
115462(534)
114684(530)
114688(494)
114690(466)
114695(513)
114703(476)
114092(506)
114109(537)
114631(467)
114637(518)
114642(518)
113201(442)
113204(524)
113731(530)
113738(481)
113740(499)
117728(543)
117730(475)
117734(527)
118382(493^ 1)
118395(524)
113747(476)
113755(526)
113756(499)
114052(531)
114056(474)
114073(495)
114079(525)
114081(526)
114083(490^ 1)
114086(526)
114060(501)
114065(536)
114069(461)
114070(526)
114072(493)
115467(518)
115471(477)
115473(456)
115837(496)
115840(519)
116573(524)
116581(542)
116584(492)
116585(467)
116590(466)
116533(543)
116540(468)
116552(462)
116562(487^ 3)
116568(495)
116592(495)
116598(503)
116599(534)
116602(487)
116606(496)
117698(498^ 2)
117700(515)
117703(449)
117705(537)
117707(461)
117682(503)
117686(491)
117687(490)
117694(452^ 2)
117696(485)
116509(533)
116521(466)
116526(444)
116527(519)
116528(449)
115866(506)
115867(530)
115869(528)
115870(484)
115872(507)
115841(496)
115848(518)
115849(490)
115850(508)
115863(503)
115877(468^ 2)
115878(502^ 2)
115880(472)
115882(529)
115885(511)
116494(535)
116498(523)
116502(470)
116503(473)
116505(505)
115891(461)
115894(470)
115901(544)
115902(468)
116491(532)
7
132387(511)
132511(490)
132573(529)
132574(510^ 2)
132673(497)
131699(532)
131711(485)
131971(497)
131974(525)
132381(539)
132679(505)
132680(532)
132685(512)
132687(525)
132695(474)
132714(527)
132715(536)
132720(491)
132723(504)
132724(500)
132696(528)
132697(539)
132706(527)
132712(466)
132713(504)
131418(543)
131419(542)
131681(529)
131691(469)
131696(498)
130469(447)
130470(474)
130471(476)
130474(539)
130476(515)
130479(483)
130480(535)
130912(525)
130913(524)
130917(528)
131316(533)
131412(489)
131413(530)
131416(511)
131417(486)
130921(506)
130926(511)
130927(503)
131224(525)
131313(483)
132726(530)
132727(535^ 3)
132729(539)
133212(488)
133214(506)
135633(530)
135649(512)
135653(494)
135654(494)
135660(506^ 3)
135038(523)
135521(493)
135624(531)
135626(480)
135630(509)
135664(502)
136251(448)
136255(540)
136260(461)
136278(479)
134987(471)
135002(440^ 1)
135004(531)
135007(526)
135028(451)
133233(470)
133237(542)
133242(504)
133257(504)
133267(475)
133215(523)
133217(538)
133218(523)
133220(526)
133222(524)
133269(485)
133916(439+ 1)
133917(511)
134082(528)
134512(514)
134530(532)
134541(533)
134555(462^ 3)
134557(506)
134984(503)
134513(529)
134514(526)
134515(538)
134525(530)
134529(532)
125269(453)
125274(481)
125275(542)
125912(494)
126331(475)
125172(540)
125251(501)
125252(460)
125255(526)
125264(459^ 3)
126337(469)
126339(519)
126345(439+ 1)
126346(457)
126348(529)
126653(524)
126668(508)
127097(519)
127192(515^ 2)
127452(514)
126509(496)
126625(502)
126628(497)
126634(494)
126650(533)
124366(510)
124373(496)
124903(519)
124905(485)
125102(514^ 1)
123822(498)
123829(473)
123830(512)
123833(483^ 1)
123846(485)
130452(513)
130454(526)
130458(474)
130459(490)
130461(532)
123857(487)
123862(474)
124321(473)
124322(506)
124326(458)
124346(454)
124349(536)
124350(446)
124352(441)
124354(439+ 1)
124328(463^ 2)
124330(512)
124337(495)
124341(529)
124344(522)
127532(540)
127764(477)
127766(505)
127767(523^ 3)
127768(458)
129522(538)
129524(514)
129541(451)
129545(515)
129912(531)
129351(518)
129352(490)
129353(457^ 2)
129518(526)
129520(526)
129973(504^ 3)
129974(534)
130122(516)
130124(456)
130126(467)
130311(519)
130312(506)
130341(535)
130342(526)
130343(527)
130127(540)
130129(521)
130133(529)
130134(474)
130136(527)
128410(473^ 3)
129344(494)
129345(515)
129347(537)
129350(500)
127983(514)
128301(518)
128307(468)
128309(480)
128310(452)
127769(516)
127954(500)
127963(492)
127972(453)
127981(467)
128312(506)
128316(472)
128318(509)
128333(532)
128337(516)
128357(504)
128358(520)
128362(531)
128382(480)
128402(513)
128340(472)
128345(525)
128352(490)
128353(526)
128354(521)
8
149030(487)
149031(511)
149032(523)
149033(506)
149241(461)
149022(540)
149026(481)
149027(500)
149028(529)
149029(460)
149242(440)
149243(460)
149245(502)
149246(499)
149321(527)
149714(462)
149814(455)
149815(450)
149911(450)
150541(484)
149571(490)
149601(496)
149663(537)
149711(493)
149713(438+ 2)
147775(486)
147777(525)
148022(536)
148024(468)
149021(455)
145789(507^ 1)
145801(499)
145802(492)
145807(506)
145810(467)
146051(483)
146471(492)
146473(480)
146581(513)
146584(486)
147432(455)
147621(498)
147655(527)
147741(442^ 5)
147774(522)
146645(543)
146711(515)
146772(514)
146871(461)
147401(490)
150542(452)
150543(461)
150547(443)
150548(456)
150551(448)
152756(530)
152759(511)
152763(531)
152774(498)
153032(481)
152642(462)
152742(484)
152743(472)
152747(527)
152752(528)
153036(499)
153038(517^ 3)
153140(469^ 3)
153141(472)
153142(497)
151991(507)
151993(507)
151994(501)
151995(444)
152544(471^ 4)
150726(455)
150727(476)
150842(524)
150843(517)
150844(506)
150552(451)
150553(454)
150554(446)
150558(501)
150722(454)
150846(523)
150848(463)
150851(491)
151143(514)
151226(532)
151413(450)
151474(525)
151476(465)
151561(495)
151562(441)
151229(469)
151230(449)
151232(489)
151321(521)
151412(513)
138982(530)
138986(529)
139147(508)
139148(487)
139150(487)
137735(520)
138091(543)
138294(511)
138383(484)
138692(535)
139155(525)
139158(514^ 1)
139161(493)
139163(535)
139165(517)
139594(507)
139599(542)
139611(482)
139612(493)
139616(519)
139170(542)
139172(448^ 2)
139179(527)
139514(529)
139592(436+ 4)
137704(508)
137708(500)
137710(517)
137720(503)
137725(491)
136286(480)
136287(533)
136292(533)
136692(469^ 2)
136968(460)
145681(505)
145711(525^ 1)
145712(539)
145781(518)
145784(467)
136971(458)
136979(494)
136989(522)
136990(507)
136997(477)
137017(500^ 2)
137018(490)
137021(532)
137027(503)
137701(476)
136998(533)
136999(525)
137007(472)
137010(532)
137011(483)
139621(540^ 1)
139622(525)
139623(482^ 3)
139625(526)
139629(502)
141172(481)
141173(465)
141581(461)
141703(528)
141704(479)
141159(479^ 2)
141162(468)
141168(507)
141169(543)
141171(441)
141713(460)
142011(516)
142044(530^ 3)
142047(518)
142232(500)
143012(473)
143446(531)
143948(470)
144423(472)
145002(471)
142246(457)
142425(477^ 3)
142426(533)
142752(480)
142757(535)
141148(444)
141154(502)
141155(518)
141156(479)
141157(510)
140321(511)
140322(530)
140324(538)
140325(489)
140442(507^ 3)
139632(507)
139638(537)
139641(495)
140123(519^ 2)
140171(530^ 2)
140443(541^ 2)
140445(533)
140566(448)
140574(476)
140822(488)
140844(466)
140845(496)
141141(461)
141142(528)
141147(495)
140827(480)
140833(468)
140838(466)
140839(484)
140843(483^ 3)
9
161626(478)
161628(521)
161633(509)
161634(479)
161636(521^ 1)
161475(452)
161478(444^ 1)
161483(540)
161621(471)
161625(535)
161637(543)
161638(464)
161639(472)
161640(522)
161643(504)
161982(535)
162013(529)
162121(541)
162221(517)
162223(485)
161644(448)
161646(474)
161647(492)
161648(491)
161649(517)
161361(504)
161367(480)
161368(452)
161471(503)
161472(468)
159892(449)
159895(475)
159896(495)
159898(481)
159901(533)
159906(477)
159909(517)
159910(508)
160614(542)
160672(543)
160871(491)
160921(474)
160951(519)
161131(517)
161132(487)
160677(542)
160679(524)
160682(486)
160684(516)
160687(457)
162225(492)
162230(499)
162231(482)
162351(532)
162504(482)
164407(508)
164695(531)
165001(497)
165101(478)
165105(451)
164067(482)
164395(513)
164398(513)
164399(523)
164404(476)
165271(471)
165277(448)
165279(547^ 3)
165280(508)
165282(470^ 3)
164058(482)
164059(496)
164060(536)
164061(543)
164062(525)
163208(449)
163214(453)
163219(493)
163222(514)
163601(500)
162872(519)
162873(536)
163021(489)
163022(511)
163122(528)
163671(512)
163674(527)
163681(488)
164022(473)
164026(459)
164038(479)
164046(463)
164047(513)
164052(500)
164055(517)
164027(502)
164028(516)
164033(486)
164034(528)
164036(533)
155861(516)
156016(527)
156017(538)
156019(479)
156027(484)
155507(497^ 2)
155509(487)
155510(523)
155512(468)
155515(444)
156028(483)
156029(477)
156039(488)
156043(544)
156351(441)
157094(470)
157325(537)
157326(441)
157328(526)
157330(451)
156695(508)
156696(520)
157072(541)
157073(516)
157081(534)
155035(455)
155153(449)
155377(528)
155502(480)
155503(508)
153143(531)
153144(538)
153424(487)
153425(496)
153427(530)
159881(532)
159882(472)
159883(475)
159887(529)
159888(497)
153435(455)
153436(506)
153847(525)
153850(537)
153852(480)
154101(462)
154103(467)
154120(517)
154602(475)
154608(497)
153859(494)
154073(491)
154074(503)
154086(474)
154091(503)
157331(477)
157465(462)
157467(479)
157468(443)
157469(450)
159840(465)
159842(525)
159843(448)
159845(534)
159850(514)
159834(446)
159835(543)
159836(523)
159838(523)
159839(474)
159851(468)
159852(507)
159854(495)
159855(500)
159856(455)
159872(504)
159874(460)
159875(448)
159877(471)
159880(516)
159857(499)
159858(480)
159860(490)
159862(539)
159866(503)
159144(514)
159821(485)
159822(534)
159830(482^ 2)
159831(453)
157688(471)
157692(463)
157704(480)
158033(530)
158203(481)
157471(482)
157472(442)
157479(455)
157683(452)
157686(475)
158249(496)
158341(507)
158342(476^ 1)
158353(538^ 3)
158363(531)
158992(534)
159133(527)
159134(478)
159136(467)
159137(512)
158583(529)
158588(464)
158589(540)
158901(535)
158991(537)
10
121093(429)
121919(418)
128303(405)
128308(436^ 3)
128375(430)
128385(417^ 3)
130465(420)
130481(394)
133224(434)
133230(430)
136290(432)
140840(435^ 1)
141182(418^ 2)
142243(436^ 3)
143071(430)
113197(430)
113746(432)
114710(418)
119883(405^ 3)
119928(406)
101209(434)
104421(416^ 1)
107334(423)
108353(429)
109407(433)
109413(434)
110595(433)
111224(383^ 5)
111227(414^ 3)
111229(417)
111231(428)
111236(423)
111237(422^ 3)
111240(417)
112223(434)
166964(432)
186661(436^ 3)
188274(418)
189761(428)
189762(425)
189763(426)
190012(419)
190091(434)
191583(383)
194111(422^ 1)
194112(434)
161362(419)
163202(436^ 3)
165656(433)
166063(424)
166073(431)
147652(405^ 6)
149716(431)
149971(424)
150545(433)
150546(416)
150556(424)
151222(413)
151224(426)
153439(423)
154609(422)
156021(431)
158349(413)
159847(429)
159859(432)
159861(421)
Grade : E
192207(528)
192281(492)
192652(518)
192752(536)
193022(508)
191582(481)
192011(535)
192201(544)
192204(544^ 3)
192205(514)
193782(509)
194114(473)
194191(451)
193061(499)
193191(496)
193671(487)
193673(482)
193674(450)
190011(463)
190013(455)
190014(513)
191222(455)
191551(455)
166954(481)
166957(499)
166959(480)
166963(461)
166965(441)
166579(494)
166593(486)
166951(513)
166952(538)
166953(485)
167602(467)
167881(507)
167911(541)
168021(516)
168023(517)
166966(474)
166970(538)
166971(534)
167271(530)
167273(480)
166277(451)
166552(453)
166554(529)
166577(528)
166578(452)
165295(467)
165297(528)
165601(513)
165653(485)
165654(477)
165283(482)
165287(490)
165288(526)
165289(478)
165293(518)
165683(504^ 2)
166067(480)
166075(464)
166269(537)
166270(499)
165655(474)
165660(462)
165663(523)
165667(520)
165674(506)
187111(488)
187112(449)
187461(480)
188131(512)
188201(529)
183141(483)
183492(439+ 1)
183581(449)
184341(447)
184791(472)
189011(444)
189272(506)
189501(528)
189764(453)
189861(526)
188251(461)
188273(499)
188275(503)
188752(467)
188871(542)
169923(533)
169925(495)
170011(517)
170012(528^ 2)
173121(438+ 2)
168178(450)
168179(453)
168449(468^ 1)
169055(520^ 1)
169057(435+ 5)
168024(522)
168160(449)
168162(518)
168166(482^ 2)
168174(503)
169290(459)
169413(470)
169762(522^ 3)
169766(515)
169767(478)
169058(530)
169281(480^ 1)
169282(467)
169284(519)
169286(489)
171583(79/200)
180651(318/600)
181492(375/600)
182302(317/600)
PASS
