Humanities 
                  Private  (02-02-2026)
URL: https://www.biek.edu.pk/Result-2025/Supply/HTP/RESULT-GAZZETTE-HUMANITIES-PRIVATE-HSC-PART-II-SUPPLEMENTARY-2025.pdf
Source: https://www.biek.edu.pk/Result-Declaration-default.asp

1
NOTE: MARKS OBTAINED BY ALL THE SUCCESSFUL CANDIDATES ARE INDICATED WITHIN
MARKS) TO RAISE THEIR GRADES IN HARDSHIP CASES ARE INDICATED WITH PLUS(+) SIGN AND
PARANTHESIS AGAINST THEIR ROLL NUMBER AND THE EXTRA MARKS GIVEN (MAXIMUM FIVE
CANDIDATES BEARING THE FOLLOWING ROLL NUMBERS ARE DECLARED TO HAVE
PASSED THE INTERMEDIATE HUMANITIES (PRIVATE) GROUP PART - II (CLASS XII)
SUPPLEMENTARY EXAMINATION 2025.
300703(455)
300704(483)
300706(459)
301052(486)
301055(537)
Grade : D
319503(635)
324393(559)
324394(552)
325192(570)
325193(591)
326661(576)
327332(568)
327678(545+ 5)
328093(615)
328483(568)
316381(552)
316382(568)
317833(609)
318033(571)
318865(610)
315241(600)
315243(611)
315244(587)
315481(546+ 4)
315483(609)
315791(578)
315792(549+ 1)
315793(634)
315795(647)
315796(576)
336532(576)
338021(599)
338024(545+ 5)
338382(552)
338861(554)
339101(644)
339221(567)
340181(556)
340861(567)
342173(551)
334308(619^ 2)
334764(568)
335073(612)
335080(643)
335549(548+ 2)
329023(633)
329027(546+ 4)
330032(563)
330193(614)
330196(566)
330611(650)
331465(618)
332294(646)
333528(611)
334304(608)
312406(611)
312901(552)
313372(604)
313571(599)
314011(569)
302907(556)
304445(574)
304447(617)
304450(588)
305452(566)
305453(567)
305454(558)
305951(566)
305952(593)
305953(594)
300434(549+ 1)
301063(612)
301067(581)
301901(551)
301909(653)
302602(637)
302872(547+ 3)
302876(585)
302894(548+ 2)
302906(547+ 3)
310091(562)
310300(626)
310642(618)
310643(637)
310651(596)
310653(567)
310660(548+ 2)
311945(578)
311949(619)
312403(585)
305954(638)
305964(563)
305970(635)
305975(605)
307118(580)
308261(616)
308266(631)
308889(550)
309634(631)
309640(564)
Grade : C
305967(663)
305979(693)
306656(715)
308265(695)
310294(657+ 3)
301062(754)
301068(721)
302362(712)
302899(676)
302914(655+ 5)
300001(656+ 4)
300002(655+ 5)
300702(717)
300705(756)
301061(758)
312410(761)
317051(751)
317052(666)
318231(686)
318234(715)
336534(658+ 2)
342731(666)
***********
326828(659+ 1)
328481(661)
330191(656+ 4)
334305(656+ 4)
335543(697)
318236(757)
319061(671)
320952(666)
324031(712)
324032(724)
Grade : B
305185(790)
306652(769+ 1)
313061(823)
318032(789)
321351(778)
337228(779)
Grade : A
****NIL****
Grade : A-1
300001 - 343999
GRACE MARKS CASES ARE INDICATED WITH CARET(^) SIGN
2
314172(431)
318233(430)
325191(430)
326831(432)
327322(429)
304452(430)
305973(428)
306654(420)
307623(384)
308269(423)
333914(430)
335550(407)
338701(421)
338981(421)
340864(434)
327327(421)
329024(426)
329030(404)
330811(398)
331466(432)
Grade : E
330613(478)
331051(503)
331460(491)
331464(513)
331472(441)
332292(532^ 2)
332293(468)
332296(544)
332717(524)
333023(448)
333024(461)
333026(481)
333028(488)
333035(454)
333037(483)
329488(474)
330192(494)
330194(468)
330195(538)
330612(503)
328091(472)
328096(500)
328099(499)
328100(515)
328101(492)
328482(501)
328755(489)
328756(449^ 3)
328757(539)
328758(515)
329025(472)
329029(510)
329484(440)
329485(500)
329486(522)
333522(461)
333524(483)
333525(451)
333919(437+ 3)
334302(437+ 3)
340301(511)
340741(439+ 1)
340863(527)
341103(533)
341104(501)
341532(440)
341691(481)
341693(543)
342013(527)
342174(476)
342491(466)
342852(462)
343251(490)
338023(513)
339621(448)
339623(500^ 3)
339981(453)
339982(438+ 2)
335071(474)
335074(437+ 3)
335532(481)
335540(507)
335541(471)
335546(508)
336538(463)
336543(504)
337224(466)
337226(507)
337229(515)
337461(494)
337462(491)
337661(541)
338022(509)
305962(521)
305963(476)
306660(442)
307115(518)
307613(519)
304449(473)
304451(516)
305022(488)
305451(475)
305455(508)
308272(536)
308273(478^ 3)
308887(469)
309638(498)
310644(544)
307616(489)
307620(468)
307621(468)
307625(508)
307626(485)
302910(483)
304281(502)
304442(471)
304444(497)
304448(482)
301910(511)
301911(541)
302601(496)
302604(509)
302605(516)
301056(457^ 1)
301057(443)
301059(499)
301060(438+ 2)
301905(482)
302884(474)
302892(520)
302893(521)
302896(490)
302909(519)
302606(500)
302607(478)
302875(531)
302877(469)
302878(524)
310647(501)
310648(528)
310650(453)
310659(506)
310662(497)
322791(486)
323794(500^ 1)
325071(493)
325791(501)
326396(491)
319745(510)
319750(491)
320361(486)
320362(512)
320564(540)
327325(484)
327328(501)
327329(464)
327672(500)
327676(484)
326821(442)
326824(442)
326827(442)
326832(454)
327321(512)
318237(509)
319501(486)
319502(481)
319743(466)
319744(468)
313065(517)
313851(513)
314411(455)
314612(488)
314614(460)
311941(461)
311947(521)
312402(499)
312404(509)
312409(488)
316385(465)
316891(471)
317292(487)
317293(480)
317831(469)
315242(508)
315482(517)
315484(467)
315485(533)
316383(539)
324391(382/800)
330198(414/800)
336540(404/800)
PASS
