With 
                  Held
URL: https://www.biek.edu.pk/Result-2022/Part-I/CMP/With-Held%20&%20UFM%20Page%20CMP-PART-I-2022-ANNUAL.pdf
Source: https://www.biek.edu.pk/LastResults.asp

12
Result of the following Roll Numbers will be declared later when the cases for resort to unfair means are
decided by the B.O.G.
501085
502508
504262
507001
507064
507095
507111
507331
507345
********
Marks Statement of the following candidates are WITH-HELD for want of Computerized Registration Card.
500011
500059
500063
500065
500121
500137
500138
500143
500172
500181
500184
500186
500196
500204
500504
500524
500525
500530
500535
500560
500566
500586
500589
500593
500597
500613
500620
500628
501010
501011
501020
501023
501041
501065
501072
501080
501081
501088
501089
501090
501092
501093
501094
501095
501435
501454
501485
501540
501554
501555
501560
501563
501565
501566
501577
501580
501582
501584
501589
501590
501929
501948
501965
501973
501974
501975
501982
501987
501988
501993
501999
502002
502010
502017
502019
502021
502207
502233
502292
502293
502294
502295
502299
502300
502532
502537
502543
502544
502709
502714
502722
502724
502725
502906
502920
502926
502929
502978
502979
502982
502984
503009
503426
503474
503488
503513
503526
503543
503567
503568
503583
503604
503608
503609
503614
503615
503616
503623
503625
503626
503627
503631
503632
503633
503634
503635
503636
503637
503640
503901
504019
504022
504025
504033
504039
504044
504205
504207
504214
504238
504242
504269
504277
504283
504505
504518
504522
504527
504529
504530
504532
504543
504545
504546
504549
504551
504552
504553
504554
504728
504734
504741
504761
504770
504772
504778
504785
504787
504788
504789
504790
505204
505205
505209
507004
507009
507058
507066
507067
507081
507088
507119
507304
507335
507344
507352
507601
507614
507644
507649
507662
507865
507867
507868
507869
507870
507875
508155
508165
508166
508167
508422
508612
508613
508628
508629
508802
508805
508806
509009
509209
509240
509266
509289
509295
509320
509328
509336
509337
509341
509344
509601
509602
509701
509712
509724
509904
509916
509917
509923
509937
509940
510208
510212
510235
510236
510410
510414
510415
510421
510428
510446
510456
510457
510806
------------xxxxxxxx------------
