With 
                  Held
URL: https://www.biek.edu.pk/Result-2022/Part-I/CMR/With-Held%20&%20UFM%20Page%20CMR-PART-I-2022-ANNUAL.pdf
Source: https://www.biek.edu.pk/LastResults.asp

238
Result of the following Roll Numbers will be declared later when the cases for resort to unfair means are
decided by the B.O.G.
801508
802226
802229
802230
803720
803723
803728
803735
803743
803758
803763
803777
803791
803792
803793
808101
808110
808204
809675
815384
831207
831212
831213
831214
831215
831216
831217
831220
831221
831224
831226
831227
831229
831231
831232
831233
831234
831235
831238
831239
831240
831261
831274
831294
832605
832616
832882
882037
882091
882092
882151
882180
882256
********
Marks Statement of the following candidates are WITH-HELD for want of Computerized Enrolment Card.
800010
800012
800024
800047
800057
800069
800082
800099
800100
800102
800115
800117
800120
800123
800137
800155
800157
800168
800178
800185
800186
800187
800188
800191
800193
800561
800928
800929
800935
800938
801246
801355
801364
801506
801511
801515
801520
801523
801652
801672
801677
801678
801681
801688
801720
801722
801723
801726
801730
801751
801767
801768
801769
801771
801772
801779
801785
801789
802054
802056
802059
802071
802077
802211
802222
802224
802605
802687
802693
802762
802780
802787
802793
802823
802863
802898
802929
802947
802961
802972
803001
803006
803017
803045
803055
803129
803131
803152
803172
803199
803221
803228
803246
803247
803252
803265
803267
803269
803270
803280
803283
803284
803287
803517
803537
803541
803556
803564
803585
803629
803631
803636
803657
803666
803685
803695
803731
803734
803750
803752
803762
803773
804702
804704
804714
804722
804775
804788
804793
804804
804807
804808
804831
804846
804863
804906
804908
804910
804916
804919
804927
804932
804934
804935
805125
805673
805723
806022
806035
806054
806088
806090
806146
806176
806190
806196
806198
806234
806253
806283
806302
806342
806343
806344
806348
806682
806688
806702
806704
806736
806766
806799
806857
806890
806935
807028
807033
807044
807047
807058
807083
807084
807099
807105
807108
807677
807680
807687
807688
807692
807707
807717
807732
807764
807804
807826
807876
807878
807879
807890
807896
807902
807939
807943
807984
807986
808010
808038
808085
808086
808087
808114
808142
808185
808186
808232
808286
808320
808322
808330
808331
808336
808338
808346
808350
808491
808732
808901
808904
808905
809256
809258
809262
809464
809466
809501
809727
810015
810035
810047
810067
810087
810093
810103
810105
810115
810147
810151
810175
810195
810215
810232
810258
810274
810285
810299
810310
810348
810391
810405
810410
810419
810437
810440
810455
810459
810462
810482
810493
810495
810710
810734
810970
810977
810978
810996
811026
811033
811055
811059
811068
811078
811079
811081
811082
811181
811204
811210
811215
811228
811234
811262
811266
811272
811304
811317
811344
811346
811351
811363
811366
811373
811376
811382
811385
811389
811401
811402
811403
811404
811405
811415
811416
811421
811422
811429
811430
811431
811432
811435
811445
811447
811448
811451
811454
811760
811771
811772
811782
811795
811808
811851
811852
811859
811860
811869
811874
811876
811882
811891
811894
811911
811912
811916
811936
811948
812009
812015
812115
812129
812162
812170
812187
812201
812213
812613
812763
812814
812839
812846
812870
812875
812877
812902
812920
812922
812938
812941
812946
812948
812949
812953
812955
812958
812959
813212
813277
813469
813472
813473
813868
814052
814053
814055
814261
814262
814268
814269
814277
814605
814606
814803
814805
814806
814807
814815
814816
814817
814818
814819
814821
814822
814823
815309
815310
815319
815334
815340
815351
815353
815358
815363
815364
815368
815379
815383
239
815385
815642
815643
815855
815869
815873
815902
815906
815924
815931
815933
815946
815947
815956
815960
815970
816009
816014
816029
816046
816071
816075
816076
816087
816094
816105
816118
816128
816133
816142
816144
816145
816146
816619
816622
816625
816627
816629
816648
816658
816664
816667
816668
816677
816685
816701
816711
816716
816721
816723
816727
816731
816748
816751
816754
816777
816781
816795
816803
816807
816847
816851
816858
816861
816863
816868
816870
816875
816883
816906
816918
816939
816951
816952
816960
816963
816970
816985
816995
816997
817035
817057
817058
817061
817066
817067
817069
817076
817080
817103
817117
817124
817131
817133
817135
817138
817141
817142
817143
817144
817146
817455
817467
817492
817495
817505
817537
817559
817576
817584
817595
817599
817610
817630
817633
817651
817652
817673
817678
817700
817707
817721
817736
817737
817739
817823
817827
817850
817854
817857
817870
817880
817887
817889
817898
817899
817907
817909
817912
817923
817929
817932
817947
817969
817971
817973
817975
817976
817980
817982
817984
817985
817986
817989
817990
817992
817997
817999
818003
818007
818009
818010
818322
818331
818336
818341
818358
818360
818377
818378
818384
818391
818395
818397
818401
818424
818451
818456
819057
819065
819072
819076
819077
819078
819079
819080
819352
819355
819401
819838
819841
819854
819855
819860
819937
819960
819963
819973
819974
819978
819985
820302
820304
820309
820321
820330
820342
820350
820359
820368
820631
820920
820982
821005
821053
821162
821184
821189
821309
821310
821371
821601
821612
821619
821634
821643
821664
821678
821701
821756
821779
821793
821794
821818
821829
821833
821860
821865
821869
821874
821881
821882
821888
821908
821912
821914
821915
821916
821917
821918
821919
822251
822271
822276
822307
822311
822312
822343
822346
822348
822361
822366
822371
822377
822378
822384
822386
822388
822390
822652
822656
822657
822658
822662
822672
822679
822712
822719
822742
822749
822751
822762
822764
822796
822798
822819
822834
822847
822848
822862
822865
822867
822870
822877
822885
822912
822936
822951
822960
822967
822976
823701
823753
823795
823799
823849
823856
823877
823885
823892
823902
823964
823981
823988
823989
823993
824909
824919
824931
824936
824937
824964
824972
824987
825001
825018
825022
825023
825024
825032
825077
825083
825090
825108
825110
825113
825130
825141
825155
825157
825166
825170
825171
825181
825184
825186
825404
825410
825412
825466
825499
825534
825535
825543
825550
825583
825777
825779
825780
825933
825949
825973
825976
825984
825985
825990
825995
825999
826011
826013
826026
826503
826506
826507
826513
826520
826525
826527
826528
826531
826539
826541
826703
826704
826709
826728
826734
826738
826749
826757
826762
826779
826780
826824
826860
826861
826870
827010
827055
827067
827070
827077
827304
827340
827341
827373
827383
827406
827408
827431
827447
827458
827474
827482
827490
827501
827522
827525
827541
827543
827545
827553
827560
827561
827566
827568
827581
827584
827728
827759
827846
827850
827865
827871
828014
828022
828024
828050
828064
828101
828122
828124
828128
828140
828195
828196
828206
828207
828212
828220
828222
828223
828232
828234
828531
828534
828536
828547
829023
829030
829047
829057
829069
829081
829121
829137
829142
829144
829158
829206
829213
829242
829299
829323
829341
829353
829358
829378
829704
829723
829739
829740
829770
829790
829816
829860
829871
829882
829883
829884
829891
829903
830766
830775
830784
830785
830789
830796
830807
830819
830834
830841
830852
830859
830868
830872
830877
830878
830934
830947
240
831066
831081
831086
831091
831124
831125
831134
831169
831170
831236
831262
831266
831359
831378
831380
831387
831426
831447
831459
831473
831474
831659
831678
831739
831772
831789
831794
831795
831796
831805
831806
831879
831903
831909
831918
831920
831925
831939
831941
831951
831974
832008
832010
832072
832075
832105
832107
832112
832114
832119
832122
832124
832360
832382
832409
832417
832430
832486
832511
832574
832575
832603
832609
832627
832673
832723
832735
832755
832835
832856
832863
832901
832912
832930
832959
832999
833034
833057
833070
833073
833080
833085
833089
833091
833119
833133
833173
833177
833184
833189
833200
833214
833219
833227
833229
833231
833250
833261
833264
833268
833269
833270
833281
833286
833287
833288
833292
833414
833424
833428
833434
833440
833446
833467
833469
833480
833494
833503
833507
833523
833525
833527
833541
833631
833647
833659
833661
833713
833756
833758
833764
833772
833834
833857
833867
833874
833889
833892
833900
833903
833910
833911
833912
833913
833920
833923
833956
833957
833958
833969
833982
833995
834040
834046
834093
834116
834128
834131
834155
834179
834183
834187
834191
834204
834267
834269
834289
834304
834312
834313
834322
834330
834335
834341
834351
834356
834358
834361
834376
834384
834399
834406
834415
834416
834420
834421
834458
834462
834469
834505
834507
834508
834512
834513
834514
834526
834535
834551
834553
834559
834560
834717
834780
834804
834853
835028
835098
835117
835150
835159
835168
835173
835236
835276
835302
835462
835494
835523
835576
835743
835748
835751
835766
835768
835791
835797
835798
835807
836085
836303
836307
836310
836313
836314
836315
836316
836318
836622
836625
837505
837509
837512
837513
837515
837516
837520
837525
837528
837531
837535
837537
837548
837663
837668
837673
837679
837680
837696
837699
837710
837715
837717
837718
838016
838017
838053
838054
838065
838075
838615
838616
838617
838635
838639
838645
838657
838660
838674
838682
838689
838690
838696
838710
838725
838734
838750
838752
838816
838826
838838
838846
838853
838854
838868
838871
838875
838879
838884
838886
838900
838933
838969
838978
838979
838982
838992
839002
839003
839007
839013
839015
839019
839020
839021
839026
839036
839039
839550
839659
839787
839862
839879
840027
840065
840069
840077
840078
840084
840109
840195
840235
840341
840358
840362
840371
840375
840413
840422
840431
840432
840700
840710
840718
840721
840747
840769
840780
840787
840795
840798
840809
840812
840827
840828
840840
840841
840855
840858
840860
840872
840881
840898
840900
840910
840914
840926
840940
840958
840995
841016
841023
841042
841047
841051
841070
841110
841114
841116
841122
841125
841126
841140
841145
841148
841156
841158
841159
841160
841161
841163
841168
841171
841194
841606
841613
841670
841715
841724
841726
841745
841746
841782
841823
841844
841934
841953
841962
841971
841977
841978
841980
841981
841982
841984
842301
842309
842336
842338
842361
842365
842376
842378
842398
842414
842456
842488
842491
842503
842513
842514
842527
842534
842536
842539
842542
842557
842562
842578
842588
842613
842619
842626
842631
842651
842656
843338
843412
843428
843437
843509
843598
843730
843804
843900
843910
843936
844085
844099
844147
844167
844244
844248
844271
844285
844328
844329
844330
844332
844353
844389
844396
844398
844400
844401
844413
844418
844422
844582
844806
844901
844966
845009
845014
845203
845212
845214
845229
845232
845235
845236
845240
845241
845244
845245
845248
845250
845642
845753
845756
845763
846404
846409
846412
846421
846426
846432
846436
846451
846459
241
846462
846628
846629
846630
846661
846739
846770
846789
846815
846840
846856
846875
846886
846893
846913
846928
846933
846941
846946
846967
846982
846992
847003
847005
847026
847047
847065
847080
847089
847103
847106
847107
847108
847111
847113
847139
847158
847180
847186
847191
847194
847196
847197
847200
847203
847204
847206
847217
847220
847401
847406
847552
847558
847562
847623
847753
848120
848141
848151
848158
848161
848166
848170
848173
848179
848182
848188
848191
848192
848359
848363
848370
848383
848384
848405
848406
848407
848408
848409
848413
848414
848418
851006
851009
851018
851153
851290
851300
851602
851905
851927
851988
852153
852154
852922
852925
852953
852970
853242
853452
853468
853471
853472
853476
853478
853479
853709
853717
853739
853751
853790
853812
853838
853854
853865
854060
854096
854183
854239
854259
854361
854415
854451
854490
854510
854532
854578
854581
854586
854602
854608
854611
854612
854753
854754
854794
854796
854802
854880
854881
854885
854886
854887
854890
854891
855119
855174
855273
855332
855703
856102
856129
856159
856161
856775
856824
856826
856847
856849
856854
856868
856928
856946
857146
857148
857152
857167
857175
857176
857199
857467
857484
857545
857703
857730
857740
857760
857763
857785
857808
857813
857850
857855
857867
857871
858166
858298
858601
858852
859322
859409
860051
860052
860159
860841
860874
860940
860983
860998
861002
861170
861358
861398
861403
861404
861417
861418
861419
861420
861422
861438
861447
861466
861479
861481
861502
861507
861664
861669
861670
861682
861761
861769
861780
861781
861804
861808
861865
861898
861958
861960
862277
862303
862325
862326
862353
862365
862369
862402
862411
862580
862851
863159
863415
863508
864152
864155
864166
864189
864190
864197
864206
864212
864360
864366
864370
864375
864382
864561
864601
864602
864603
864604
864605
864606
864607
864608
864610
865006
865061
865064
865402
865403
865412
865434
865467
865520
865552
865625
865637
865638
865664
865693
865725
865795
865892
865935
866075
866084
866264
866287
866293
866334
866337
866405
866436
866469
866517
866521
866537
866560
866588
866633
866657
866702
866768
866775
866813
866857
866887
866888
866950
867022
867025
867208
867228
867233
867244
867260
867268
867273
867292
867322
867326
867336
867337
867399
867410
867413
867423
867426
867432
867440
867442
868303
868351
868405
868823
868833
868842
868845
868875
868880
868940
868966
869213
869219
869304
869307
869320
869321
869322
869601
869602
869603
869604
869605
869606
869607
869608
870025
870207
870334
870444
870446
870447
870651
870662
870668
870670
870689
870719
870720
870946
870987
871036
871047
871076
871134
871172
871435
871474
871527
871576
871584
871586
871716
871717
871769
871832
871951
872093
872111
872505
872510
872511
872519
872533
872550
872571
872583
872635
872651
872681
872682
872692
872693
872696
872697
873027
873156
873265
873266
873268
873293
873297
873327
873343
873372
873382
873400
873437
873439
873445
873620
873664
873673
873727
873728
873730
873856
874009
874015
874204
874206
874622
874627
874685
874710
874771
874791
874819
874825
874871
874877
874924
874970
874979
874980
875026
875027
875039
875041
875059
875068
875080
875425
875426
875428
875442
875859
875866
875884
875953
875988
875992
876001
876361
876362
876402
877010
877152
877236
877253
877274
877275
877554
877665
877671
878447
878451
878461
878466
878483
878494
878518
878543
878553
878579
878584
878638
878685
878712
878736
878738
878754
878758
878979
878984
878995
879049
879062
879098
879218
879254
879258
879260
879268
879275
879276
879277
242
879494
879527
879534
879595
879664
879665
879770
879825
879835
879897
879933
880069
880073
880082
880092
880134
880151
880173
880181
880213
880222
880228
880231
880280
880307
880327
880329
880338
880341
880602
880796
880814
881001
881019
881023
881078
881081
881104
881126
881453
881505
881560
881667
881754
881822
881823
881859
881969
881992
882109
882220
882242
882268
882512
882533
882548
882550
882551
882752
882754
883403
883412
883415
883417
883423
883424
883435
883436
883442
883456
883603
883610
883657
883670
883696
883706
884054
884077
884081
884086
884112
884120
884122
884508
884512
884552
884685
884771
884778
884849
884891
884941
884969
885017
885027
885044
885313
885406
885512
885582
885583
885613
885675
885683
885751
885770
885813
885833
885903
885909
885914
885915
885916
885917
885918
885919
885925
885956
885958
885959
885964
885966
885970
885971
885975
885979
886203
886205
886246
886252
886255
886287
886292
886314
886332
886337
886338
886343
886345
886609
886612
886620
886627
886628
886649
886663
886672
886688
886695
887019
887570
887703
887715
887729
887832
887949
888301
888303
888402
888802
888822
888835
888839
888848
888852
888855
888857
888868
888886
888891
888898
888900
888920
888937
888943
888966
888968
888991
888999
889014
889018
889019
889023
889024
889025
889029
889030
889285
889313
889320
889458
889555
889564
889626
889656
889691
889713
889718
889725
889951
889952
890052
890206
890211
890215
890229
890232
890237
890256
890351
890356
890361
890367
890370
890504
890616
------------xxxxxxxx------------
