With 
                  Held
URL: https://www.biek.edu.pk/Result-2022/Part-II/HTR/With-Held%20&%20UFM-HTR-PART-II-2022-ANNUAL.pdf
Source: https://www.biek.edu.pk/LastResults.asp

99
Result of the following Roll Numbers will be declared later when the cases for resort to unfair means are
decided by the B.O.G.
645560
647408
650074
651504
651935
690921
********
Marks Statement of the following candidates are WITH-HELD for want of Computerized Enrolment Card.
645159
645163
645377
645556
645588
645657
645955
645964
646081
646195
646201
646338
646425
646861
646866
646869
646872
646881
646888
646890
646897
646904
646905
646906
646931
647097
647135
647146
647154
647362
647367
647398
647708
647716
647717
647733
647994
647995
647996
648000
648089
648184
648324
648353
648465
648469
648502
648505
648544
648570
648575
648585
648600
648621
648635
648640
648740
648744
648753
648759
648760
648764
648765
648835
648836
648840
648848
648850
648857
648872
648873
648996
648998
649150
649194
649205
649350
649423
649441
649445
649500
649854
649865
650057
650060
650070
650362
650369
650370
650503
650566
650585
650739
650758
650776
650788
650800
650848
650997
651039
651044
651049
651054
651069
651070
651074
651266
651420
651497
652053
652066
652074
652075
652082
652083
652092
652093
654270
654323
654381
654386
654387
654402
654408
654410
654485
654704
654705
654820
654917
654918
655633
655676
655730
655743
655764
656836
656838
656883
656895
656928
657283
657320
657519
657524
657558
657559
658101
658573
659193
659194
659200
659209
659721
660261
660280
660491
660623
660764
660866
660889
660970
661212
661232
661235
661277
661395
661521
661580
661607
661818
661826
662771
663201
664001
664004
665229
665240
665243
665444
665488
665577
665710
665718
665731
665919
665951
665952
665953
665954
665955
665956
665957
665958
665959
665960
665961
665962
665963
665964
665965
665966
665967
665968
665969
666005
666077
666213
666363
667299
667566
667670
668298
668307
669295
669303
669389
669470
669552
669982
670230
670942
670943
670974
671286
671300
671304
671308
671320
671323
671449
671577
671603
672144
672514
672521
672555
672824
672990
673033
673584
673611
675353
675354
675355
676003
676152
676153
676431
676863
677075
681102
685194
686102
693432
693652
695202
695503
695752
695754
696001
696203
696204
696501
696601
Marks Statement of the following candidates are WITH-HELD for want of Renewal of Enrolment Card.
681105
682204
682211
682212
682602
684704
686330
------------xxxxxxxx------------
