Science 
                  Pre-Engineering  (02-02-2026)
URL: https://www.biek.edu.pk/Result-2025/Supply/SE/RESULT-GAZZETTE-PRE-ENGINEERING-HSC-PART-II-SUPPLEMENTARY-2025.pdf
Source: https://www.biek.edu.pk/Result-Declaration-default.asp

1
NOTE: MARKS OBTAINED BY ALL THE SUCCESSFUL CANDIDATES ARE INDICATED WITHIN
MARKS) TO RAISE THEIR GRADES IN HARDSHIP CASES ARE INDICATED WITH PLUS(+) SIGN AND
PARANTHESIS AGAINST THEIR ROLL NUMBER AND THE EXTRA MARKS GIVEN (MAXIMUM FIVE
CANDIDATES BEARING THE FOLLOWING ROLL NUMBERS ARE DECLARED TO HAVE
PASSED THE INTERMEDIATE SCIENCE (PRE-ENGINEERING) GROUP PART - II (CLASS
XII) SUPPLEMENTARY EXAMINATION 2025.
605911(589)
605949(582)
605957(608)
605960(584)
605963(576)
605712(565)
605713(566)
605714(613)
605715(596)
605717(585)
606399(601)
606414(637)
606425(568)
606445(595)
606478(605)
607753(578)
607754(581)
607782(559)
609391(557)
609394(551)
607443(590)
607571(646)
607612(550)
607746(593)
607748(591)
603569(563)
605092(603)
605702(635)
605706(560)
605709(567)
600700(568)
600704(562)
601425(557)
602036(563)
602047(577)
602048(629)
602051(646)
602058(590)
602059(589)
602077(614)
602111(555)
602781(566)
603331(573)
603451(602)
603527(554)
602079(546+ 4)
602087(557)
602096(568)
602101(641)
602106(586)
609403(574)
609541(555)
609553(553)
609561(580)
609567(560)
609570(588)
609861(549+ 1)
609862(581)
609971(616)
609982(598)
600665(582)
600668(641)
600669(607)
600689(579)
600691(545+ 5)
600003(545+ 5)
600162(560)
600170(597)
600189(621)
600194(563)
Grade : C
617102(669)
617112(680)
618084(656+ 4)
618096(658+ 2)
618097(656+ 4)
619139(668)
619152(665)
621066(686)
621275(663)
622415(691)
624360(730)
626555(740)
629424(680)
629995(669)
631123(689)
600190(678)
601430(657+ 3)
605718(721)
605953(720)
605973(695)
607775(699)
609395(666)
610267(705)
610336(668)
610368(682)
610413(695)
613079(672)
613899(737)
617039(661)
617049(661)
650671(725)
651893(665)
652347(655+ 5)
653604(662)
657644(692)
658348(690)
659512(666)
661007(689)
662742(676)
663016(746)
663020(722)
665551(659+ 1)
***********
648313(680)
648317(679)
649760(711)
649767(678)
650088(715)
631407(664)
633360(683)
635214(715)
635220(697)
635883(686)
635899(659+ 1)
636225(664)
636226(720)
637001(709)
638351(656+ 4)
639433(684)
639733(706)
639942(692)
639944(656+ 4)
646103(694)
Grade : B
605707(806)
607763(801)
609392(851)
610234(826)
610255(836)
639124(857)
642258(839)
645941(830)
649427(786)
655281(793)
611964(845)
624349(778)
625264(814)
626565(773)
628117(835)
Grade : A
619151(932)
651655(942)
654993(882)
Grade : A-1
600001 - 690999
GRACE MARKS CASES ARE INDICATED WITH CARET(^) SIGN
2
624771(563)
624774(569)
625602(557)
625703(611)
626253(552)
623267(548+ 2)
623272(555)
623856(620)
624091(626)
624344(555)
626260(568)
626264(616)
626563(585)
626566(599)
626567(597)
626592(596)
626598(555)
626605(637)
627206(567)
627634(604)
626569(608)
626571(553)
626573(548+ 2)
626583(625)
626587(615)
621262(584)
621533(589)
621935(632)
621945(578)
622412(651)
619143(591)
619147(559)
619149(563)
619155(622)
619156(654)
619157(642)
619158(579)
619160(622)
619161(619)
619167(621)
621061(601^ 3)
621062(583)
621063(638)
621064(561)
621065(637)
619168(562)
619171(566)
619174(582)
619641(567)
620638(603)
627637(547+ 3)
627839(645)
629051(551)
629201(592)
629432(610)
637946(556)
637949(650)
637951(619)
637953(569)
638591(575)
636523(587)
637667(574)
637936(576)
637938(555)
637939(594^ 2)
638823(552)
638826(554)
638829(560)
639121(566)
639123(589)
635905(574)
636503(574)
636510(557)
636511(585)
636514(570)
631115(565)
631122(557)
631132(558)
631614(563)
631941(616)
629456(610)
629996(611)
630018(645)
630534(548+ 2)
630536(587)
631942(548+ 2)
632265(603)
632277(567)
632591(643)
634021(627)
635213(569)
635226(596)
635887(598)
635888(555)
635893(571)
634061(624)
634131(631)
634371(559^ 1)
635199(619)
635200(570)
613063(587)
613064(551)
613072(572)
613075(564)
613076(596)
613051(555)
613052(557)
613053(654)
613059(575)
613062(616)
613085(563)
613086(653)
613542(616)
613603(587)
613605(580)
613916(584)
613920(559)
613921(589)
613931(585)
613933(587)
613894(647)
613901(555)
613902(552)
613905(624)
613914(600)
612041(590)
612044(596)
612055(597)
612463(545+ 5)
613011(610)
610257(552)
610265(579)
610276(601)
610279(646)
610298(597)
618119(573)
618120(545+ 5)
618126(591)
619137(558)
619138(649)
610302(594)
610314(576)
610317(648)
610319(631)
610337(605)
612021(560)
612026(631)
612027(545+ 5)
612029(555)
612031(559)
610340(579)
610365(547+ 3)
610369(599)
610379(625)
610406(618)
613936(568)
613942(566)
613947(557)
614663(633)
614665(565)
617104(578)
617106(597)
617108(617)
617109(600)
617124(570)
617096(585)
617097(588)
617098(598)
617100(547+ 3)
617103(608)
617126(597)
617127(560)
617128(552)
617130(600)
618047(563)
618070(572)
618071(546+ 4)
618078(573)
618080(575)
618089(621)
618049(605)
618057(584)
618058(570)
618061(550)
618062(595)
617085(581)
617086(599)
617087(643)
617092(597)
617094(644)
614826(552)
614842(545+ 5)
615702(593)
615741(578)
615742(594)
614666(609)
614667(561)
614668(562)
614821(560)
614823(606)
616584(568)
616591(559)
616971(611)
617032(575)
617037(601)
617057(630)
617071(608)
617073(546+ 4)
617074(569)
617082(643)
617040(613)
617041(636)
617042(568)
617043(634)
617046(598)
3
600184(488)
600192(467)
600193(512)
600195(474^ 2)
600642(445)
600176(514)
600179(484^ 2)
600181(499)
600182(523)
600183(542)
600164(459^ 1)
600165(508)
600167(538)
600169(463)
600173(527)
600648(459)
600649(477)
600651(463)
600653(503)
600654(504)
Grade : D
659987(595)
659990(600)
659991(604)
659992(574)
660231(591)
660503(578)
660941(619)
661162(590)
661235(546+ 4)
661441(584)
661472(566)
661862(557)
661866(557)
661984(617)
662151(545+ 5)
658337(552)
659389(641)
659391(557)
659901(566)
659984(569)
655424(549+ 1)
655751(573)
655865(590)
655941(548+ 2)
656942(631)
656943(551)
656962(575)
656964(558)
657133(548+ 2)
657624(573)
657633(571)
657889(652)
658153(556)
658253(588)
658255(590)
662231(630)
662282(591)
662341(608)
663012(589)
663021(595)
665155(590)
667245(629)
667247(650)
678073(557)
679391(646)
679722(634)
680851(628)
682211(546+ 4)
684192(548+ 2)
685452(615)
685851(558)
687321(575)
687811(603)
688091(579)
664804(574)
664805(555)
664807(561)
664809(603)
664810(556)
663131(626)
663132(606)
663310(563)
663312(631)
663432(602)
663436(597)
663675(588)
663678(646)
663679(598)
664012(549+ 1)
664201(559)
664202(589)
664507(549+ 1)
664508(549+ 1)
664515(548+ 2)
654853(578)
654854(654)
654856(606)
655291(568)
655402(545+ 5)
647075(557)
647663(581)
647667(604)
647673(596)
647676(628)
646227(632)
646232(638)
646236(590)
646892(565)
647060(581)
647681(548+ 2)
648006(649)
648019(556)
648028(579)
648325(612)
648787(559)
649101(555)
649401(612)
649426(587)
649429(566)
648333(652)
648344(581)
648776(584)
648777(554)
648778(610)
645392(560)
646106(552)
646107(555)
646213(652)
646222(576)
641153(624)
641868(612)
642265(571)
642548(598)
642563(571)
639434(605)
639731(642)
639943(575)
640421(568)
640517(563)
642849(558)
642853(632)
642890(638)
642916(634)
642943(550)
644353(559)
644357(559)
644363(604)
644818(571)
644831(614)
642972(572)
642976(614)
642985(561)
644346(604)
644350(590)
651904(609)
651905(653)
652344(580)
652345(629)
652461(550)
651886(580)
651890(593)
651891(576)
651894(578)
651896(642)
652505(554)
653441(572)
653442(629)
653443(583)
653614(558)
654304(549+ 1)
654308(574)
654311(556)
654584(592)
654852(588)
653616(565)
654191(547+ 3)
654192(578)
654193(567)
654196(583^ 3)
651654(599)
651661(556)
651668(569)
651673(548+ 2)
651675(578)
649756(608)
649759(579)
649762(618)
650031(553)
650081(632)
649430(582)
649663(546+ 4)
649702(566)
649747(609)
649755(584)
650093(568)
650271(561)
650273(603)
650275(574)
650362(589)
650692(580)
650693(576)
650945(573)
651631(554)
651652(570)
650365(550)
650376(595)
650377(615)
650378(629)
650384(641)
4
603520(505)
603521(461)
603522(464)
603523(531)
603526(437+ 3)
603514(461)
603515(477)
603517(445)
603518(464)
603519(466)
603529(474)
603531(483)
603532(447)
603534(488)
603536(489)
603545(454)
603546(503)
603547(439+ 1)
603548(477)
603550(525)
603537(458)
603538(463)
603541(458)
603542(506)
603543(502)
603508(443)
603510(445)
603511(469)
603512(451)
603513(466)
603482(442)
603485(446)
603486(489)
603487(481)
603488(465)
603489(475)
603490(474)
603491(467)
603492(479)
603493(514)
603502(488)
603503(474)
603504(446)
603505(448)
603507(510)
603494(495)
603495(447)
603497(464)
603498(469)
603499(437+ 3)
603551(452)
603552(488)
603553(538)
603557(516)
603558(534)
605943(505)
605944(485)
605946(458)
605947(503)
605948(471)
605704(462)
605708(458)
605710(465^ 2)
605941(512)
605942(443)
605955(477)
605959(514^ 3)
605961(463)
605964(447)
605965(479)
605461(465)
605501(499)
605502(472^ 3)
605621(523)
605622(458)
603568(438+ 2)
603570(516)
603571(503)
603573(514)
603574(523)
603559(439+ 1)
603560(458)
603562(466)
603564(467)
603565(464)
603578(540)
603579(513)
603582(454)
603583(465)
604481(496)
605205(451)
605208(459)
605209(447)
605210(443)
605213(466)
604711(463^ 1)
604832(462)
604871(443)
605201(479)
605202(459)
601435(450)
601437(484^ 1)
601438(476)
601439(478)
601440(440)
601422(478)
601429(522)
601431(517)
601432(497)
601433(470)
601441(459)
601443(447)
601444(481)
601445(447)
601447(484)
601454(439+ 1)
601455(448)
601456(502)
601464(442)
601467(438+ 2)
601448(520)
601449(447)
601451(506)
601452(503)
601453(464)
601414(539)
601416(446)
601418(494)
601420(512)
601421(464)
600655(475)
600658(485)
600662(465)
600663(439+ 1)
600667(458)
602808(452)
602810(528)
602811(493)
602815(476)
603261(495)
600672(527)
600678(436+ 4)
600679(484)
600685(451)
600692(472)
600711(439+ 1)
600712(469)
600713(475)
601411(522)
601413(483)
600693(535)
600695(464)
600702(478)
600703(484)
600708(470)
601468(441)
601469(461)
601473(464)
601474(463)
601475(486)
602103(503)
602104(501)
602105(532)
602107(526)
602108(528)
602095(479)
602098(477)
602099(482)
602100(467)
602102(521)
602784(513)
602785(522)
602786(489)
602788(513)
602790(465)
602802(454)
602803(520)
602804(466)
602805(475)
602807(440)
602792(490)
602795(512)
602797(518)
602798(464)
602799(468)
602084(521)
602085(483)
602090(451)
602091(530)
602092(518)
602033(466)
602034(483)
602035(533)
602038(502)
602039(472)
601476(484)
601477(477)
601480(457)
602031(502^ 1)
602032(454)
602042(522)
602043(500)
602046(470)
602049(449)
602050(487)
602062(442)
602065(441)
602073(506)
602080(488^ 1)
602081(482)
602052(445)
602054(516)
602056(493)
602057(514)
602060(470)
5
610342(484)
610343(455)
610346(469)
610355(467)
610356(530)
610313(483)
610329(480)
610330(450^ 1)
610332(445)
610335(525)
610361(464^ 2)
610367(472)
610371(449)
610374(466)
610377(468)
611963(441)
612024(464)
612025(529)
612028(516)
612030(474)
610378(490^ 2)
610382(510)
610383(443^ 3)
610386(453^ 1)
610389(472^ 1)
610294(518)
610299(511)
610305(509)
610308(451^ 2)
610310(511)
609978(515)
609980(492)
609983(542)
609984(441)
609988(524^ 1)
610237(472)
610243(526)
610245(499)
610246(533)
610251(538)
610270(515)
610280(467)
610282(464)
610288(443)
610291(456)
610252(459)
610258(513^ 3)
610263(448^ 3)
610264(440)
610266(442)
612039(485)
612047(475)
612049(534)
612053(510)
612054(536)
613908(475)
613909(521)
613911(507)
613913(512)
613915(497)
613892(451)
613898(492)
613903(480^ 2)
613906(503)
613907(536^ 2)
613917(481)
613926(466)
613934(458)
613935(463)
613941(444)
613604(468^ 1)
613606(500)
613609(441)
613612(452)
613891(468)
613056(483)
613057(451)
613058(449^ 3)
613060(463)
613066(457)
612461(490)
612462(465)
612551(518)
612681(463)
613055(446)
613068(509)
613069(469)
613070(537)
613071(502)
613074(536)
613482(519)
613543(469)
613544(519)
613601(524)
613602(538)
613077(517)
613080(525)
613082(530)
613083(474)
613084(544)
606480(464)
606482(530)
606492(444)
607442(460)
607445(477)
606461(459)
606464(485)
606468(462^ 1)
606472(532)
606473(465)
607682(491)
607722(492)
607723(525)
607724(516)
607727(455)
607734(483)
607736(495)
607737(490)
607739(471)
607740(534)
607728(476)
607730(463)
607731(507)
607732(480)
607733(439+ 1)
606439(459)
606443(454)
606446(449)
606449(437+ 3)
606456(511)
605966(508)
605968(483)
605969(494)
605972(480)
605976(451)
609863(486)
609941(475)
609973(461^ 3)
609975(532)
609977(461)
605979(437+ 3)
605980(482^ 2)
605981(541)
606394(488)
606406(457)
606427(466)
606429(458)
606430(469)
606432(519)
606434(455)
606407(473)
606408(442)
606409(442)
606421(456)
606423(459)
607742(511)
607745(506)
607747(538)
607752(472)
607755(542)
608658(467)
608660(458)
608663(463^ 3)
608664(486)
609302(470)
608639(479)
608642(459)
608647(478)
608649(482)
608657(458)
609305(498)
609396(514)
609402(543)
609543(533)
609546(454)
609557(475)
609564(529)
609565(491)
609566(488)
609569(461)
609548(513^ 2)
609550(460)
609551(504)
609555(526)
609556(489)
608623(452)
608628(495)
608630(504)
608632(463^ 3)
608637(513)
607762(494)
607765(524)
607778(459)
607779(510)
607784(474)
607756(490)
607757(517)
607758(463)
607759(541)
607761(441)
608333(456)
608334(459)
608337(490)
608339(466)
608341(439+ 1)
608598(457)
608605(464)
608612(437+ 3)
608615(498)
608617(463)
608345(442)
608346(455)
608348(460)
608352(537)
608593(496)
6
619632(467)
619633(441)
619634(475)
619635(513)
619637(491)
619173(492)
619175(531)
619177(482)
619178(489)
619631(479)
619638(522)
619640(454)
619642(473)
619643(490)
619644(477)
620612(501)
620631(483)
621285(541)
621738(442)
621933(487^ 3)
619645(490)
619647(489)
620421(531)
620610(451)
620611(507)
619165(532)
619166(459)
619169(522)
619170(512)
619172(458)
618131(460)
618134(523)
619101(487)
619131(494)
619132(486)
619133(464)
619134(521)
619135(474)
619140(488)
619141(515)
619154(514)
619159(536)
619162(478)
619163(494)
619164(467)
619142(516)
619146(468)
619148(454^ 3)
619150(531)
619153(540)
621937(476)
621939(521)
622413(450)
622421(506)
622422(448^ 3)
623848(435+ 5)
623991(511)
623992(515)
624321(509)
624322(473)
623284(489)
623286(475)
623287(437+ 3)
623289(484)
623293(514)
624323(527)
624324(479)
624325(462)
624326(495)
624327(508)
623276(441)
623277(543)
623279(463)
623280(459)
623282(519)
623095(504)
623097(491)
623098(507)
623099(464)
623100(498)
622424(517)
623003(530)
623092(479)
623093(462)
623094(496)
623101(514)
623252(452)
623253(453)
623254(487)
623258(443)
623268(506)
623269(538)
623270(510)
623271(483)
623275(453)
623260(472)
623262(474)
623263(531)
623264(509)
623265(448)
617036(492)
617045(489)
617047(535)
617048(437+ 3)
617051(465)
616761(507)
616795(481)
617033(535)
617034(528)
617035(534)
617052(519)
617054(490)
617056(521)
617058(484)
617059(471)
617066(525)
617067(517)
617068(527)
617069(524)
617070(468)
617060(537)
617061(457)
617062(490)
617064(442)
617065(529)
616009(447)
616017(495)
616301(483^ 3)
616416(470)
616419(442)
613945(526)
613948(522)
613950(539)
613957(470)
613960(459)
618118(517)
618121(513)
618123(508)
618129(532)
618130(503)
613964(476)
614611(506)
614661(512)
614662(522)
614809(494)
614852(492)
614856(510)
614861(520)
614862(510^ 2)
614868(471)
614813(493)
614835(466)
614846(487)
614850(486)
614851(457)
617075(479)
617076(479)
617077(483)
617078(514)
617079(534)
618072(539)
618074(467)
618077(533)
618082(514)
618086(534)
618053(473)
618055(470)
618056(518)
618059(524)
618064(497)
618087(502)
618088(522)
618093(523)
618095(488)
618101(529)
618108(484)
618109(466)
618113(457)
618116(517)
618117(484)
618102(503)
618104(515)
618105(500)
618106(525)
618107(447)
618043(497)
618046(460)
618050(498)
618051(503)
618052(508)
617090(442)
617091(530)
617093(530)
617095(485)
617099(534)
617080(487)
617081(511)
617083(533)
617088(541)
617089(535)
617101(454)
617107(475)
617110(541)
617111(453)
617113(524)
617129(482)
617131(470)
617133(519)
618041(487)
618042(496)
617114(540)
617115(486)
617116(461)
617120(480)
617123(492)
7
633371(470)
633845(463)
635195(488)
635209(493)
635219(466)
633341(507)
633342(524)
633352(483)
633358(484)
633367(449)
635221(516)
635225(528)
635228(515)
635691(544)
635880(505)
636507(482)
636513(544)
636519(538)
636520(487)
636522(524)
635881(442)
635885(468)
635886(469)
635895(498)
636228(495)
632262(510)
632269(449)
632272(501)
632281(475)
632681(536)
630554(528)
630555(539)
631114(467)
631117(510)
631119(537)
631124(486)
631125(524)
631126(484)
631129(472)
631131(482)
631606(515)
631609(457)
631616(522)
632083(542)
632088(543)
631401(502)
631409(488)
631411(452)
631412(490)
631413(528)
636525(508)
637622(454)
637661(438+ 2)
637670(478)
637672(539)
639945(500)
639947(470)
639948(481)
639950(528)
639951(499^ 1)
639125(542)
639432(504)
639436(532)
639732(484)
639941(474)
640093(517^ 2)
640511(463)
640516(520)
640611(438+ 2)
641641(509)
638824(503)
638827(530)
638828(519)
638830(479)
638941(454)
637924(516)
637925(524)
637926(535)
637927(503)
637930(525)
637673(495)
637675(515)
637676(454)
637922(544)
637923(523)
637931(520)
637935(478^ 3)
637945(527)
637947(500)
637948(476)
638601(451)
638602(524)
638603(458)
638604(543)
638607(531)
637950(508)
637952(512^ 2)
637954(533)
638595(462^ 1)
638596(472)
625274(443)
625275(492)
625276(506)
625279(499)
625280(463)
625267(468)
625270(452)
625271(506)
625272(502)
625273(482)
625281(513)
625282(450)
625283(453)
625284(485)
625285(507)
626259(530)
626262(474)
626268(466)
626269(494)
626272(543)
625286(527)
625287(512)
625601(529)
625701(523)
625702(473)
624362(501)
624772(469)
624773(487)
625262(526)
625265(483)
624329(465)
624330(451)
624331(507)
624332(484)
624333(498)
630549(477)
630550(497)
630551(474)
630552(495)
630553(517)
624335(513)
624337(494)
624338(488)
624339(448)
624341(537)
624355(512)
624357(508)
624358(504)
624359(480)
624361(451)
624342(498)
624345(449)
624350(447)
624351(468)
624354(458)
626553(436+ 4)
626556(459)
626558(486)
626562(504)
626570(455)
629904(469)
629994(524)
629997(534)
630000(452)
630001(449)
629457(544)
629461(473)
629464(495^ 2)
629465(535)
629902(440)
630003(495)
630005(463)
630008(470)
630010(502)
630014(478)
630537(502)
630538(471)
630541(539)
630543(508)
630545(534)
630015(462)
630019(502)
630023(504)
630025(477)
630533(527)
629053(532)
629430(512)
629436(517)
629437(506)
629454(487)
626603(484)
627194(457)
627199(506)
627200(473)
627209(478)
626575(525)
626585(497)
626593(476)
626597(532)
626601(543)
627211(437+ 3)
627221(523)
627225(465)
627624(529)
627633(536)
627853(540)
628116(535)
628311(502)
628548(463^ 2)
628552(543)
627639(511)
627833(443)
627837(488)
627838(501)
627852(541)
8
645788(495)
645971(523)
645972(467)
646061(435+ 5)
646063(531)
645781(437+ 3)
645782(482)
645783(479)
645784(459)
645787(463)
646102(531)
646105(458)
646110(524)
646211(473)
646212(465)
646221(527)
646223(458)
646224(501)
646225(448)
646235(472)
646214(470)
646215(531^ 1)
646216(469)
646217(505)
646220(496)
645533(505)
645537(452)
645538(481)
645540(477)
645702(466)
644731(489)
644802(453)
644804(488)
644812(462)
644813(436+ 4)
644815(490)
644816(467)
644819(496)
644822(485)
644823(455)
644836(458)
644838(522)
644839(510)
645191(499)
645393(453)
644826(479)
644830(479)
644832(471)
644833(513)
644834(521)
646241(500)
646242(466)
646243(542)
646244(523)
646521(465)
647661(459)
647662(481)
647665(531)
647670(453)
647674(464)
647502(440)
647505(466)
647572(498)
647573(514)
647575(503)
647677(480)
647921(519)
647922(453)
648003(483)
648004(476)
647371(505)
647374(484)
647376(459)
647379(472)
647381(440)
646536(445)
646537(505)
646721(515)
646894(453)
646897(487)
646522(445)
646523(462)
646529(454)
646531(464)
646532(466)
646898(454)
646899(482)
646902(471)
646904(486)
646907(464)
647069(495)
647070(512)
647074(536)
647077(505)
647079(512)
647051(436+ 4)
647054(491)
647056(528)
647059(470)
647068(530)
642554(473)
642555(520)
642556(454)
642558(533)
642559(483)
642543(474)
642545(476)
642549(451)
642552(464)
642553(443)
642560(485)
642561(513)
642562(488)
642565(512)
642566(514)
642826(466)
642829(463)
642831(511^ 2)
642836(485)
642838(491)
642567(484)
642572(472)
642573(439+ 1)
642574(515)
642823(463)
642247(437+ 3)
642248(470)
642259(489)
642263(440)
642264(471)
641650(454)
641861(464)
641866(442)
641874(475)
642011(473)
644352(473)
644354(456^ 3)
644355(511)
644361(502)
644362(467)
642013(518)
642015(451)
642018(489)
642020(499)
642021(465)
642241(484)
642242(473)
642244(483)
642245(447)
642246(472)
642022(485)
642024(502)
642231(488)
642237(540)
642240(481)
642839(477)
642842(486)
642843(529)
642848(467)
642851(458)
642959(486)
642960(506)
642965(500)
642968(527)
642969(456)
642951(481)
642952(500)
642953(475)
642954(485)
642955(444)
642970(481)
642971(493)
642977(513)
642980(533)
642982(453)
644343(536)
644344(468)
644345(514)
644347(457)
644349(538)
642983(446)
642988(451)
642989(520)
642990(501)
644342(463)
642942(454)
642944(451)
642945(489)
642947(470)
642950(504)
642865(435+ 5)
642866(527)
642870(449)
642883(487)
642889(446)
642852(523)
642855(489)
642857(480)
642862(448)
642863(492)
642897(465)
642917(451)
642920(526)
642921(450)
642924(529^ 1)
642935(473)
642937(438+ 2)
642938(478)
642939(524)
642940(466)
642925(441)
642926(486)
642928(485)
642930(495)
642934(483)
9
653240(516)
653561(444)
653611(510)
653627(479)
654031(441)
653227(538)
653230(447)
653234(514)
653237(453)
653238(441)
654117(435+ 5)
654194(528)
654305(511)
654310(459)
654317(487)
654578(458)
654579(436+ 4)
654851(461)
654991(541)
655111(463)
654561(467)
654563(470)
654565(445)
654573(486)
654575(479)
652522(480)
652525(490)
652526(453)
653121(466)
653221(544)
651907(504)
651908(519)
652341(437+ 3)
652342(447)
652343(538)
652346(480)
652462(537)
652502(470^ 1)
652503(518)
652506(461)
652514(466)
652516(495)
652518(505)
652519(474)
652521(516)
652509(523)
652510(533)
652511(517)
652512(489)
652513(461)
655282(512)
655285(492)
655288(533)
655289(451)
655290(532)
656283(501)
656285(459)
656286(494)
656287(491^ 1)
656289(499)
656274(495)
656275(435+ 5)
656279(483)
656281(453)
656282(473)
656290(534)
656291(477)
656293(483)
656294(517)
656961(524)
656264(471)
656268(491)
656270(488)
656271(456)
656272(436+ 4)
655407(518)
655408(529)
655409(501)
655410(489)
655411(467)
655401(516)
655403(532)
655404(435+ 5)
655405(499)
655406(516)
655412(495)
655413(534)
655417(490)
655418(487)
655420(513)
656017(480)
656018(456)
656110(482)
656261(510)
656263(452^ 3)
655422(517)
655423(460)
655430(485)
655862(450^ 1)
655868(461)
649051(452)
649181(443^ 3)
649281(484)
649371(494)
649421(448)
648780(469)
648781(463)
648783(532)
648785(456)
648786(495)
649431(524)
649434(484)
649435(474)
649436(540)
649439(489)
649746(466)
649748(493)
649749(517)
649750(466)
649752(505)
649440(476)
649661(460)
649704(502)
649741(537)
649745(501)
648342(449)
648772(506)
648773(477)
648774(497)
648779(507)
648009(463)
648010(462)
648013(484)
648014(503)
648016(459)
651892(454)
651895(482)
651899(466)
651900(481)
651906(468)
648021(507)
648022(504)
648023(489^ 2)
648025(483)
648026(527)
648291(482)
648295(447^ 2)
648300(450)
648319(491)
648322(459)
648027(473)
648030(488)
648032(480)
648033(477)
648035(512)
649753(438+ 2)
649754(474)
649763(475)
650083(470^ 1)
650085(464)
651658(511)
651659(540)
651663(520)
651664(488)
651665(495)
651413(483)
651417(437+ 3)
651653(505)
651656(541)
651657(481)
651666(534)
651669(502)
651670(479)
651672(490)
651871(527)
651884(501)
651885(478)
651887(515)
651888(470)
651889(488)
651872(460)
651873(465)
651875(477)
651876(461)
651878(494)
651098(527)
651238(438+ 2)
651241(441^ 2)
651244(507)
651246(506)
650352(502)
650353(497)
650356(509)
650357(485)
650361(478)
650092(438+ 2)
650094(494^ 2)
650095(523)
650096(520)
650272(525)
650368(513)
650370(449)
650372(474)
650374(513)
650379(507)
650948(473)
650949(495)
650951(481)
650956(452)
651094(517)
650691(543)
650831(486)
650832(464)
650833(469)
650834(479)
10
601423(425^ 3)
601428(420)
601436(432)
601450(399)
601457(424)
600675(433)
600680(414)
600709(416)
600715(417)
601417(416)
600002(433)
600185(438^ 2)
600650(430)
600666(395)
600673(431)
Grade : E
678962(538)
679151(472)
679392(518)
679422(456)
679423(516)
678242(447)
678243(483)
678301(505)
678304(508)
678891(450)
680031(468)
680371(538)
680401(502)
680441(469)
680541(498)
679481(450)
679561(459)
679562(440)
679662(445)
679822(479)
665166(436+ 4)
665322(516)
665327(541)
665931(458)
665941(494)
664803(536)
665153(456)
665159(488)
665160(536)
665163(452)
667004(542)
667241(481)
678032(453)
678071(447)
678072(445)
665943(436+ 4)
665944(445)
666131(442)
666501(456)
666731(466)
685024(450)
685026(492)
685451(503)
685691(470)
685692(441)
683566(438+ 2)
684051(436+ 4)
684052(474)
684111(489)
685022(476)
689941(481)
686353(503)
686357(543)
687452(473)
687812(521)
688403(458)
681232(441)
681971(489)
682214(517)
682482(475)
682483(484)
680581(540)
680631(510)
680951(458)
680992(509)
681192(457)
683531(539)
683561(467)
683562(475)
683563(468)
683564(496)
682771(521)
682821(532)
682851(523)
682852(466)
683122(506)
664511(524)
664681(469)
664725(479)
664726(484)
664801(516)
658154(507)
658157(471)
658158(499)
658252(516)
658339(487)
657896(489)
657898(467)
658071(448)
658075(479)
658151(495)
658340(519)
658344(541)
658346(535)
658751(494)
658782(463)
659271(518)
659381(499)
659382(451)
659383(488)
659384(516)
658783(495)
658784(446)
658787(463)
658788(477)
658791(450)
657888(453)
657891(495)
657892(474)
657894(491)
657895(435+ 5)
657539(459)
657621(497)
657622(500)
657623(502)
657627(479)
656970(468)
657072(490)
657131(497)
657132(507)
657531(494)
657628(542)
657634(459)
657636(441)
657637(506)
657638(539)
657883(463)
657884(480)
657885(515)
657886(438+ 2)
657887(536)
657639(481)
657640(440)
657641(522)
657881(456)
657882(489)
661869(491)
661870(480)
661871(493)
661983(468)
661985(515)
661005(506)
661351(482)
661741(462)
661771(475)
661863(532)
662152(542)
662281(521)
662533(495^ 3)
662661(463)
662663(532)
663304(519)
663439(496)
663441(476)
664011(473)
664501(440)
663014(485)
663017(483)
663136(533)
663147(503)
663301(541)
660605(507)
660606(530)
660781(502)
660788(494)
661003(507)
659651(491)
659652(530)
659655(494)
659657(489)
659658(446)
659386(489)
659390(472)
659505(468)
659506(480)
659510(485)
659659(541)
659661(482)
659664(478)
659666(515)
659851(533)
660408(443)
660501(470)
660502(543)
660601(459)
660602(512)
659902(516)
659983(535)
659989(523)
660401(528)
660407(474)
11
642828(434)
642834(433^ 3)
642837(417)
642845(433)
642847(435^ 2)
642551(429)
642569(433)
642570(433)
642822(432)
642824(406)
642850(415^ 1)
642856(414)
642858(417)
642885(415)
642895(438^ 1)
644807(422)
644814(414)
644825(432)
644827(420)
644828(434)
642899(433)
642918(406)
642927(423)
642931(418)
644806(430)
625263(413)
625277(416)
625288(416)
625704(432)
629901(429)
623091(426)
623285(433)
623292(429)
624138(431^ 3)
624334(423)
630006(420)
632266(434)
637872(426)
638598(434)
640512(438^ 3)
642254(413)
642261(406)
642541(411)
642542(419)
642546(431)
641862(407)
641863(407)
641864(434)
642014(423)
642016(432)
644829(434)
644837(411)
645292(410)
646062(411)
646218(431)
657890(428)
657893(432)
658078(406^ 3)
658785(433^ 2)
659121(429)
656292(432)
656967(416)
656968(425)
657538(423)
657625(424)
660782(434)
661102(427)
664513(426)
664812(434)
665324(397)
679664(417)
681191(413)
682412(400)
683161(427)
683567(432)
678031(434)
678551(399)
679202(426)
679421(431)
679661(430)
647501(431)
647503(412)
648292(427)
648315(404)
649422(425)
646530(427^ 2)
646905(430)
647053(410)
647083(421)
647373(434)
649423(421)
649432(427)
650091(436^ 3)
651521(405)
651901(410)
654812(423)
655115(430)
655427(422)
656266(405)
656288(428)
653612(396)
653620(429)
654116(422)
654571(423)
654581(430)
686061(421^ 2)
688401(409)
688961(387)
603576(431)
603580(434)
603581(405)
603584(431)
604712(423)
603555(423)
603563(432)
603566(415)
603567(432)
603575(412)
604752(432)
605206(420)
605207(411)
605212(432)
605219(413^ 3)
606391(434)
606392(399)
606393(431)
606396(428)
606401(433)
605623(414)
605701(438^ 2)
605958(416)
605970(426)
605975(421)
601458(431)
601461(424)
601465(425)
601478(422^ 2)
602037(414)
621268(424)
621283(426)
621733(432)
621946(428)
622123(408)
602055(425)
602063(415)
602076(429)
602083(395)
602094(433)
603530(428)
603533(409)
603539(418)
603540(425)
603554(409)
602796(419)
602806(429)
603483(430)
603500(406)
603516(421)
606404(402)
606412(412)
606413(399)
606419(423)
606422(418)
608643(428)
608656(423)
608665(396)
609559(432)
609987(422)
608594(433)
608604(432)
608609(428)
608611(412)
608614(427)
609992(398)
610235(420)
610262(412)
610401(433)
610412(423)
618069(432)
618073(423)
618124(428^ 2)
619639(427)
620601(413)
612035(426)
613065(414)
613608(400)
614853(434)
616001(419^ 1)
606437(414)
606438(401)
606440(386)
606451(425)
606457(411)
606426(432^ 2)
606431(430)
606433(424)
606435(402)
606436(410)
606463(416)
606465(420^ 2)
606467(416)
606470(417)
606474(429)
606494(397^ 1)
606495(407)
607681(414^ 6)
607721(431)
607725(431)
606475(417)
606477(428)
606487(410)
606489(411)
606493(395)
12
.
669331(120/200)
PASS
