Humanities 
                  Private Part I
URL: https://www.biek.edu.pk/Result-2022/Part-I/HTP/Result%20Gazette%20HTP-Part-I-2022-Annual.pdf
Source: https://www.biek.edu.pk/LastResults.asp

1
CANDIDATES BEARING THE FOLLOWING ROLL NUMBERS ARE DECLARED TO HAVE
PASSED THE INTERMEDIATE HUMANITIES (PRIVATE) GROUP PART - I (CLASS XI)
ANNUAL EXAMINATION 2022.
28035(265)
28036(254)
28037(269)
28047(330)
28049(310)
27733(357)
27734(341)
27735(343)
27740(313)
28015(260)
28055(312)
28057(300)
28067(313)
28070(354)
28071(239)
28092(284)
28093(340)
28094(279)
28096(277)
28097(302)
28081(281)
28085(316)
28088(295)
28090(335)
28091(370)
27721(266)
27722(272)
27726(305)
27729(258)
27732(332)
27309(320)
27312(274)
27318(342)
27319(288)
27321(303)
27322(310)
27324(269)
27332(356)
27337(268)
27338(325)
27715(273)
27717(381)
27718(319)
27719(347)
27720(293)
27340(329)
27342(361)
27344(320)
27358(318)
27701(283)
28101(296)
28105(299)
28108(307)
28501(333)
28514(330)
28642(291)
28751(268)
29213(287)
29227(341)
29229(318)
28526(281)
28531(261)
28589(291)
28598(304)
28601(230)
29234(282)
29242(351)
29519(320)
29529(365)
29531(380)
29539(330)
29542(380)
29546(310)
29547(346)
29552(379)
25864(307)
25866(358)
25870(370)
25871(340)
25872(393)
25824(295)
25826(247)
25830(299)
25850(278)
25855(322)
25873(365)
25874(378)
25875(355)
25876(375)
25877(379)
25893(348)
25894(271)
25895(313)
25898(274)
25902(323)
25878(387)
25879(379)
25885(265)
25888(258)
25891(297)
25517(336)
25529(307)
25802(265)
25811(249)
25817(280)
25005(294)
25020(303)
25058(389)
25071(305)
25076(253)
27055(392)
27057(294)
27302(326)
27304(274)
27305(315)
25077(227)
25087(290)
25106(279)
25405(366)
25420(300)
25485(342)
25491(328)
25510(229)
25514(230)
25516(254)
25423(261)
25425(307)
25435(317)
25454(334)
25481(292)
26644(371)
26645(332)
26649(365)
26650(316)
26657(276)
26617(318)
26639(334)
26640(352)
26641(473)
26643(348)
26661(331)
26663(284)
26667(320)
26670(327)
27004(274)
27039(296)
27044(271)
27050(350)
27051(262)
27053(314)
27009(268)
27026(324)
27029(306)
27030(317)
27036(310)
26306(286)
26319(313)
26322(253)
26327(368)
26328(324)
26208(304)
26213(269)
26215(331)
26222(280)
26224(327)
25903(331)
25906(310)
25907(354)
25910(298)
26205(318)
26234(246)
26246(259)
26247(355)
26249(333)
26251(304)
26271(256)
26278(358)
26283(414)
26285(396)
26298(274)
26255(285)
26258(297)
26264(230)
26266(291)
26267(252)
6 Papers
25001 - 38999
2
32131(299)
32133(312)
32134(276)
32135(397)
32136(357)
32097(265)
32101(331)
32110(366)
32113(338)
32128(361)
32138(270)
32139(296)
32140(426)
32141(427)
32143(273)
32164(333)
32166(326)
32171(337)
32174(335)
32178(366)
32148(331)
32149(289)
32150(269)
32157(297)
32160(304)
32067(334)
32071(337)
32072(314)
32084(270)
32095(354)
31649(408)
31655(341)
31663(296)
31674(313)
31679(289)
31682(300)
31692(354)
31704(277)
31707(363)
31708(266)
32032(351)
32033(294)
32038(369)
32040(360)
32060(307)
32016(288)
32021(309)
32022(315)
32030(333)
32031(330)
32179(342)
32183(296)
32187(340)
32189(281)
32190(266)
32696(350)
32698(289)
32701(358)
32704(331)
33010(365)
32663(354)
32664(456)
32676(388)
32678(345)
32682(315)
33013(317)
33031(342)
33034(325)
33036(347)
33043(383)
32612(329)
32613(335)
32617(328)
32640(339)
32645(429)
32544(376)
32545(323)
32548(373)
32551(343)
32555(278)
32519(236)
32526(308)
32530(315)
32540(433)
32542(252)
32556(354)
32560(299)
32568(311)
32570(259)
32577(261)
32600(268)
32603(330)
32605(352)
32608(322)
32609(386)
32578(320)
32587(275)
32591(324)
32592(431)
32596(259)
30610(339)
30612(236)
30616(282)
30621(335)
30801(346)
30309(339)
30310(243)
30320(293)
30321(299)
30608(300)
30802(406)
30803(395)
30804(404)
30805(402)
30807(364)
30818(334)
30819(392)
30820(354)
30821(375)
30822(377)
30809(372)
30810(372)
30811(328)
30813(367)
30817(403)
30302(279)
30304(255)
30305(260)
30306(248)
30308(281)
29556(378)
29561(260)
29589(319)
29590(290)
29906(361)
31584(400)
31599(359)
31610(391)
31616(270)
31648(411)
29914(395)
29916(371)
29917(332)
30023(293)
30024(234)
30049(314)
30051(256)
30065(278)
30068(252)
30301(288)
30027(309)
30036(331)
30043(366)
30044(353)
30046(375)
30823(347)
30824(390)
30825(354)
30826(357)
30829(372)
31108(260)
31111(395)
31122(290)
31141(299)
31142(281)
31084(279)
31085(278)
31097(348)
31099(382)
31107(374)
31152(290)
31157(292)
31165(435)
31171(316)
31186(309)
31553(358)
31561(297)
31566(373)
31573(350)
31577(313)
31192(253)
31515(249)
31527(287)
31538(289)
31546(319)
31063(346)
31067(309)
31069(300)
31074(339)
31083(345)
30836(415)
31007(309)
31008(316)
31019(292)
31023(291)
30831(397)
30832(374)
30833(410)
30834(369)
30835(387)
31025(324)
31030(243)
31031(325)
31033(409)
31034(307)
31049(331)
31055(345)
31058(340)
31061(389)
31062(318)
31035(305)
31036(312)
31037(254)
31041(255)
31046(309)
3
35859(316)
35861(418)
35862(252)
35866(351)
35868(387)
35843(317)
35844(311)
35845(297)
35850(323)
35855(354)
35872(290)
35878(303)
35885(298)
35890(310)
35891(363)
35908(308)
35910(252)
35911(265)
35917(322)
35920(333)
35900(384)
35902(290)
35903(320)
35905(330)
35906(266)
35819(281)
35820(266)
35821(282)
35833(337)
35839(273)
35720(346)
35723(357)
35724(345)
35730(331)
35731(326)
35737(359)
35744(341)
35746(370)
35751(329)
35752(358)
35781(345)
35800(373)
35805(320)
35813(294)
35817(303)
35754(328)
35762(327)
35764(325)
35767(364)
35773(348)
35922(297)
35923(332)
35924(326)
35925(302)
35926(292)
36508(407)
36518(314)
36704(346)
36708(326)
36710(277)
36007(330)
36009(282)
36010(394)
36011(333)
36504(274)
36717(302)
36729(392)
36736(365)
36737(388)
36740(356)
35987(320)
35989(379)
35994(242)
35997(252)
35999(321)
35934(329)
35935(284)
35937(240)
35939(283)
35941(312)
35927(326)
35928(262)
35929(261)
35930(257)
35931(288)
35942(318)
35944(346)
35945(259)
35948(355)
35954(371)
35975(333)
35979(277)
35980(332)
35981(286)
35983(242)
35958(284)
35959(265)
35961(309)
35967(328)
35968(335)
34032(351)
34036(361)
34046(322)
34049(303)
34053(276)
34012(253)
34016(313)
34017(354)
34018(313)
34031(393)
34075(288)
34076(340)
34079(324)
34100(376)
34101(367)
34126(290)
34128(277)
34129(347)
34131(323)
34137(328)
34102(344)
34103(360)
34120(303)
34123(315)
34124(342)
34005(266)
34006(308)
34008(371)
34009(367)
34010(376)
33044(419)
33051(314)
33053(309)
33055(279)
33063(412)
35714(357)
35715(299)
35716(284)
35717(315)
35718(348)
33069(281)
33080(350)
33090(350)
33096(390)
33098(313)
33588(354)
33594(357)
33613(281)
34001(308)
34004(323)
33506(379)
33513(304)
33524(272)
33563(359)
33580(357)
34144(327)
34180(271)
34181(370)
34182(352)
34184(337)
35102(323)
35104(352)
35107(414)
35117(382)
35118(399)
35059(246)
35063(316)
35074(371)
35086(296)
35087(398)
35119(430)
35120(395)
35125(327)
35128(418)
35130(368)
35701(257)
35705(327)
35706(309)
35709(331)
35713(306)
35131(291)
35132(346)
35141(368)
35142(330)
35145(247)
35031(357)
35036(274)
35041(363)
35045(383)
35046(292)
34194(348)
34200(348)
34201(360)
34204(327)
34505(307)
34185(300)
34186(309)
34187(317)
34188(340)
34191(314)
34507(287)
34528(313)
34532(336)
34534(313)
34538(270)
35011(269)
35020(248)
35024(333)
35028(276)
35030(307)
34544(335)
34547(265)
34550(265)
34554(289)
34556(265)
4
25447(256)
25451(228)
25463(266)
25464(237)
25470(202)
25428(220)
25430(268)
25436(256)
25437(232)
25439(324)
25478(254)
25482(321)
25486(261)
25488(224)
25490(266)
25530(290)
25531(239)
25533(205)
25536(230)
25804(240)
25497(235)
25503(219)
25504(215)
25515(224)
25518(254)
25092(184)
25401(246)
25403(225)
25415(263)
25424(198)
25016(200)
25021(214)
25024(249)
25030(261)
25036(199)
25038(195)
25044(263)
25050(246)
25051(260)
25054(235)
25078(236)
25081(250)
25082(201)
25085(193)
25089(206)
25055(298)
25059(215)
25060(210)
25068(189)
25073(200)
25808(236)
25810(208)
25816(214)
25819(254)
25821(220)
26242(212)
26245(219)
26248(359)
26253(218)
26263(256)
26210(260)
26221(200)
26223(222)
26226(243)
26233(200)
26265(252)
26276(213)
26281(278)
26286(337)
26291(207)
25909(218)
25912(221)
26202(236)
26207(234)
26209(236)
25847(215)
25848(239)
25849(241)
25851(213)
25852(288)
25827(237)
25828(242)
25837(238)
25840(215)
25846(222)
25853(287)
25854(298)
25856(222)
25857(272)
25861(263)
25889(303)
25890(265)
25899(199)
25901(194)
25905(231)
25863(238)
25865(327)
25869(282)
25882(301)
25883(261)
25008(237)
25009(272)
25010(191)
25011(232)
25014(209)
5 Papers
37122(300)
37124(355)
37128(362)
37130(344)
37132(385)
37101(451)
37108(211)
37113(375)
37120(341)
37121(371)
37133(287)
37134(418)
37135(347)
37137(323)
37138(315)
37503(259)
37509(299)
37510(261)
37515(312)
37523(353)
37145(301)
37151(321)
37152(331)
37156(298)
37158(335)
37016(401)
37017(313)
37023(344)
37034(326)
37036(275)
37007(295)
37011(279)
37012(354)
37013(386)
37015(306)
37042(299)
37053(273)
37060(401)
37062(301)
37064(352)
37081(278)
37083(267)
37093(407)
37096(417)
37099(429)
37069(298)
37071(441)
37073(265)
37078(307)
37079(278)
37801(451)
37804(324)
37814(337)
38210(338)
38213(320)
37766(391)
37768(392)
37770(428)
37773(303)
37786(361)
38601(311)
38604(281)
38605(322)
38608(260)
38611(326)
38901(387)
***********
38612(324)
38622(382)
38623(320)
38624(331)
38625(312)
37750(429)
37755(430)
37758(273)
37762(457)
37764(323)
37532(443)
37533(313)
37534(363)
37537(266)
37538(319)
37525(383)
37526(408)
37527(445)
37530(378)
37531(413)
37709(251)
37711(312)
37715(278)
37716(393)
37717(354)
37731(265)
37736(395)
37737(332)
37738(347)
37740(250)
37718(305)
37720(272)
37724(294)
37726(313)
37729(284)
5
29536(264)
29540(289)
29541(229)
29544(253)
29549(198)
29516(218)
29518(244)
29521(282)
29523(241)
29533(268)
29551(303)
29554(279)
29555(284)
29558(261)
29560(327)
29594(226)
29904(261)
29911(320)
30010(268)
30013(217)
29565(319)
29566(314)
29567(328)
29588(218)
29591(329)
29226(277)
29236(241)
29237(246)
29513(256)
29515(261)
28657(276)
28660(268)
28663(327)
28664(242)
28671(267)
28673(271)
28681(212)
28683(276)
28685(251)
28693(299)
29204(247)
29206(257)
29212(239)
29221(216)
29224(277)
28752(264)
29006(376)
29007(245)
29202(253)
29203(223)
30017(247)
30018(203)
30028(260)
30029(237)
30031(289)
31076(233)
31077(241)
31079(233)
31101(270)
31102(246)
31050(281)
31052(229)
31054(293)
31068(229)
31072(225)
31103(241)
31104(270)
31106(289)
31109(304)
31110(225)
30808(316)
30830(291)
31006(232)
31015(208)
31020(202)
30056(209)
30057(235)
30061(233)
30062(256)
30067(251)
30035(223)
30038(257)
30047(292)
30050(214)
30053(201)
30307(238)
30312(208)
30313(207)
30315(215)
30316(252)
30603(223)
30609(242)
30614(242)
30617(240)
30620(272)
30322(233)
30323(207)
30324(227)
30325(227)
30327(233)
27015(269)
27020(224)
27021(244)
27024(239)
27031(271)
26688(200)
27002(201)
27012(209)
27013(215)
27014(218)
27043(269)
27049(217)
27052(312)
27054(271)
27056(197)
27316(192)
27317(278)
27330(277)
27331(305)
27343(267)
27062(247)
27303(232)
27306(265)
27308(257)
27314(225)
26669(203)
26675(255)
26681(188)
26684(217)
26687(209)
26292(221)
26294(238)
26296(247)
26299(212)
26302(256)
28635(198)
28639(195)
28640(219)
28643(259)
28646(285)
26310(179)
26315(238)
26316(225)
26317(328)
26323(310)
26642(258)
26646(266)
26648(292)
26659(324)
26660(255)
26324(302)
26331(272)
26618(220)
26620(197)
26625(209)
27346(289)
27347(229)
27348(252)
27349(321)
27355(321)
28511(291)
28527(261)
28535(264)
28538(227)
28562(240)
28086(252)
28087(213)
28089(332)
28102(284)
28103(293)
28582(178)
28586(229)
28588(229)
28594(187)
28595(216)
28622(233)
28623(211)
28629(218)
28630(249)
28634(209)
28602(196)
28608(212)
28609(216)
28612(194)
28613(258)
28054(277)
28056(237)
28064(272)
28069(328)
28080(220)
27712(221)
27714(242)
27723(192)
27724(235)
27731(253)
27360(329)
27703(253)
27706(214)
27707(237)
27709(210)
27737(210)
28002(184)
28005(209)
28012(224)
28013(211)
28029(201)
28031(242)
28032(192)
28038(234)
28040(225)
28017(217)
28018(196)
28020(183)
28025(209)
28028(215)
6
32629(209)
32642(266)
32643(282)
32649(239)
32650(215)
32618(207)
32619(198)
32622(217)
32624(276)
32627(220)
32651(236)
32657(224)
32658(223)
32659(277)
32662(238)
32687(227)
32691(251)
32697(220)
32706(224)
32708(209)
32668(227)
32671(201)
32673(183)
32680(261)
32684(229)
32594(298)
32595(282)
32607(197)
32610(245)
32616(281)
32162(257)
32163(274)
32172(263)
32173(200)
32175(289)
32177(247)
32181(269)
32182(238)
32184(234)
32185(309)
32581(247)
32584(230)
32586(242)
32588(213)
32589(236)
32188(273)
32513(234)
32537(217)
32541(256)
32546(199)
33002(239)
33004(213)
33007(337)
33018(215)
33020(259)
33518(298)
33519(263)
33521(255)
33525(220)
33530(269)
33509(255)
33511(288)
33512(292)
33514(243)
33517(265)
33533(282)
33534(217)
33541(300)
33544(237)
33547(260)
33103(226)
33112(267)
33113(220)
33114(261)
33507(223)
33033(330)
33037(247)
33038(246)
33039(279)
33042(223)
33021(218)
33022(296)
33027(237)
33029(234)
33030(253)
33045(207)
33049(290)
33052(237)
33056(271)
33057(218)
33079(265)
33085(245)
33086(195)
33091(223)
33095(194)
33059(245)
33066(336)
33067(300)
33075(339)
33076(276)
31525(242)
31529(198)
31540(249)
31541(246)
31542(217)
31206(225)
31503(302)
31512(205)
31518(227)
31521(289)
31548(231)
31582(225)
31587(203)
31590(204)
31594(213)
31618(258)
31621(210)
31660(319)
31664(293)
31678(280)
31602(261)
31604(271)
31606(319)
31607(276)
31608(267)
31173(281)
31174(218)
31179(275)
31189(238)
31196(332)
31112(359)
31113(315)
31114(289)
31117(243)
31118(210)
32145(306)
32151(208)
32152(259)
32153(307)
32158(220)
31119(302)
31121(295)
31123(250)
31124(241)
31131(374)
31140(254)
31150(257)
31162(246)
31163(251)
31172(256)
31132(305)
31133(329)
31134(290)
31135(252)
31139(234)
31683(203)
31690(342)
31705(222)
32001(228)
32004(276)
32098(309)
32099(310)
32100(296)
32104(263)
32105(242)
32090(339)
32091(253)
32092(266)
32093(289)
32096(232)
32106(247)
32109(239)
32111(224)
32112(248)
32116(278)
32126(240)
32129(285)
32130(294)
32142(325)
32144(250)
32117(228)
32118(225)
32119(281)
32122(303)
32124(336)
32069(264)
32070(262)
32085(202)
32088(255)
32089(287)
32012(261)
32015(282)
32017(283)
32018(280)
32020(228)
32006(307)
32007(242)
32008(254)
32009(249)
32011(303)
32026(224)
32027(242)
32028(313)
32029(270)
32035(277)
32049(270)
32053(256)
32056(258)
32057(289)
32062(256)
32039(272)
32042(305)
32043(263)
32044(287)
32045(252)
7
35785(212)
35787(213)
35788(274)
35789(242)
35790(313)
35766(310)
35769(244)
35771(256)
35782(233)
35783(238)
35792(305)
35794(212)
35795(257)
35796(251)
35798(267)
35809(244)
35816(225)
35818(239)
35824(274)
35825(268)
35801(270)
35803(246)
35804(302)
35806(235)
35807(221)
35747(253)
35749(248)
35750(297)
35753(215)
35755(288)
35115(298)
35121(237)
35122(324)
35136(193)
35139(222)
35149(227)
35150(258)
35151(227)
35707(249)
35710(239)
35736(269)
35740(252)
35741(207)
35742(292)
35745(266)
35712(269)
35719(240)
35726(231)
35729(294)
35734(269)
35826(277)
35832(262)
35834(238)
35835(228)
35836(263)
35952(273)
35956(218)
35962(231)
35964(267)
35970(273)
35938(259)
35943(271)
35946(188)
35950(243)
35951(265)
35972(307)
35974(219)
35976(224)
35977(269)
35982(273)
35912(222)
35914(214)
35918(246)
35932(205)
35936(253)
35852(261)
35860(299)
35864(227)
35867(267)
35869(298)
35837(276)
35840(271)
35846(237)
35847(303)
35848(271)
35870(206)
35873(214)
35875(191)
35876(229)
35880(185)
35897(283)
35898(272)
35899(209)
35901(229)
35904(238)
35882(240)
35883(252)
35884(237)
35888(247)
35889(293)
34034(231)
34038(247)
34040(260)
34041(230)
34047(248)
34022(269)
34026(279)
34027(221)
34028(242)
34033(246)
34048(236)
34056(215)
34059(265)
34061(236)
34064(231)
34094(247)
34095(232)
34096(238)
34097(228)
34109(292)
34072(241)
34074(226)
34086(211)
34087(258)
34088(250)
33621(220)
33624(234)
34002(274)
34003(271)
34011(236)
33548(328)
33549(252)
33554(250)
33565(260)
33566(220)
35101(286)
35108(289)
35109(299)
35113(265)
35114(325)
33568(226)
33576(262)
33577(241)
33579(341)
33586(284)
33606(206)
33609(223)
33614(244)
33616(225)
33617(250)
33592(300)
33593(235)
33599(244)
33601(234)
33605(257)
34110(242)
34115(302)
34119(248)
34127(226)
34130(225)
34546(197)
34555(255)
35008(235)
35010(278)
35016(209)
34530(254)
34531(268)
34540(231)
34541(335)
34545(204)
35017(267)
35029(207)
35042(253)
35048(262)
35049(222)
35075(289)
35080(276)
35083(300)
35089(194)
35091(211)
35053(232)
35056(271)
35064(244)
35067(260)
35071(296)
34511(201)
34512(248)
34513(221)
34521(210)
34529(266)
34145(207)
34146(201)
34150(232)
34151(263)
34154(240)
34132(286)
34135(238)
34136(281)
34141(236)
34143(247)
34155(250)
34163(235)
34175(265)
34176(283)
34183(227)
34203(231)
34208(280)
34211(229)
34502(185)
34506(221)
34192(242)
34193(229)
34195(242)
34196(290)
34202(256)
8
25471(159)
25474(142)
25477(211)
25480(251)
25483(194)
25458(144)
25459(174)
25461(180)
25462(194)
25467(180)
25484(207)
25495(277)
25499(182)
25502(152)
25508(186)
25813(190)
25814(203)
25818(205)
25822(198)
25823(212)
25511(148)
25537(173)
25801(177)
25803(173)
25807(180)
25444(172)
25445(211)
25448(211)
25452(160)
25456(172)
25056(151)
25061(185)
25062(168)
25067(180)
25069(197)
25007(158)
25022(168)
25034(164)
25047(178)
25053(170)
25074(166)
25084(150)
25086(166)
25091(170)
25093(195)
25408(199)
25411(155)
25418(215)
25426(145)
25443(195)
25097(153)
25100(142)
25104(182)
25404(154)
25406(212)
25825(152)
25829(203)
25836(156)
25839(206)
25842(159)
26305(208)
26312(210)
26314(201)
26318(185)
26326(159)
26288(179)
26290(141)
26297(204)
26300(165)
26303(195)
26275(206)
26280(254)
26282(253)
26284(262)
26287(190)
25896(181)
25900(212)
25904(186)
25908(186)
25914(181)
25845(214)
25859(209)
25860(212)
25862(171)
25880(195)
26206(183)
26214(207)
26216(180)
26217(183)
26228(159)
26252(192)
26256(163)
26262(162)
26272(163)
26274(172)
26230(220)
26231(183)
26235(152)
26236(169)
26239(120)
4 Papers
37076(221)
37077(225)
37080(264)
37089(321)
37098(334)
37046(274)
37050(271)
37052(293)
37068(300)
37072(308)
37100(384)
37102(355)
37103(325)
37104(328)
37106(203)
37116(214)
37123(191)
37126(206)
37136(210)
37140(270)
37107(298)
37109(246)
37110(188)
37112(232)
37114(220)
37026(228)
37028(258)
37030(245)
37037(180)
37038(253)
35993(241)
35995(252)
36002(287)
36012(264)
36014(212)
35986(289)
35988(288)
35990(253)
35991(247)
35992(262)
36507(263)
36510(209)
36511(225)
36703(259)
36705(219)
36739(228)
36742(249)
37004(267)
37009(223)
37010(227)
36707(210)
36724(218)
36731(198)
36732(281)
36734(322)
37815(269)
37817(266)
37823(240)
38205(192)
38606(210)
37784(239)
37794(354)
37805(198)
37811(226)
37812(252)
38609(246)
38610(228)
38613(264)
38614(266)
38616(245)
38628(278)
38631(216)
38618(257)
38619(236)
38620(234)
38621(250)
38627(300)
37749(287)
37753(217)
37757(239)
37771(229)
37774(203)
37519(275)
37521(226)
37528(370)
37535(262)
37536(359)
37147(210)
37149(223)
37153(189)
37516(289)
37518(235)
37701(261)
37702(220)
37704(183)
37705(214)
37710(234)
37733(238)
37734(222)
37735(321)
37741(172)
37744(221)
37713(243)
37723(286)
37725(256)
37728(264)
37732(223)
9
29535(183)
29553(232)
29557(203)
29559(188)
29564(213)
29514(208)
29517(170)
29527(158)
29532(155)
29534(188)
29569(169)
29571(156)
29572(272)
29577(159)
29583(173)
29905(170)
29918(203)
30003(187)
30008(215)
30011(201)
29587(163)
29593(183)
29901(179)
29902(227)
29903(156)
29244(163)
29501(181)
29503(211)
29506(151)
29508(212)
28724(273)
28726(204)
28745(198)
28747(194)
28749(145)
28750(175)
28755(249)
28757(181)
28758(182)
28760(169)
29223(224)
29225(199)
29232(185)
29233(183)
29239(173)
29205(194)
29207(180)
29219(186)
29220(220)
29222(208)
30014(192)
30015(176)
30021(168)
30022(180)
30025(182)
31523(155)
31524(166)
31526(229)
31532(198)
31547(158)
31187(189)
31188(166)
31191(222)
31205(167)
31208(185)
31550(165)
31552(196)
31563(167)
31567(179)
31569(217)
31159(222)
31161(217)
31167(227)
31169(187)
31176(211)
30318(157)
30326(184)
30330(182)
30602(148)
30604(182)
30026(156)
30034(185)
30040(187)
30045(246)
30052(142)
30619(214)
30624(182)
31009(183)
31011(191)
31013(153)
31082(175)
31098(170)
31137(149)
31149(202)
31153(217)
31029(176)
31043(180)
31070(184)
31071(171)
31075(189)
27032(153)
27033(214)
27037(153)
27038(229)
27040(225)
27010(206)
27011(167)
27018(139)
27019(161)
27022(156)
27041(231)
27042(229)
27045(171)
27301(162)
27310(161)
27345(279)
27352(197)
27353(180)
27354(177)
27356(176)
27323(166)
27326(150)
27328(255)
27329(223)
27339(239)
26683(192)
27001(180)
27003(180)
27007(182)
27008(171)
26603(219)
26605(210)
26606(202)
26607(185)
26609(175)
28662(154)
28666(194)
28672(192)
28677(206)
28682(204)
26612(206)
26614(178)
26615(255)
26630(219)
26654(250)
26672(178)
26674(165)
26676(264)
26679(183)
26680(200)
26656(188)
26658(235)
26664(196)
26665(257)
26671(153)
27357(246)
27361(164)
27362(163)
27704(183)
27710(165)
28591(191)
28592(197)
28593(145)
28605(164)
28607(164)
28542(150)
28569(187)
28583(151)
28584(168)
28585(181)
28610(146)
28611(143)
28632(190)
28633(220)
28636(167)
28652(162)
28655(200)
28656(225)
28658(216)
28661(230)
28637(171)
28638(157)
28645(226)
28647(190)
28651(172)
28104(143)
28509(176)
28512(175)
28532(228)
28537(158)
28003(162)
28006(190)
28007(161)
28014(166)
28016(200)
27716(160)
27725(215)
27730(174)
27736(186)
27738(194)
28021(180)
28023(155)
28024(175)
28027(169)
28041(169)
28074(191)
28075(226)
28082(189)
28083(222)
28098(207)
28042(183)
28048(195)
28051(157)
28061(149)
28065(225)
10
34024(157)
34035(186)
34037(188)
34042(189)
34050(206)
33625(194)
34007(167)
34013(182)
34014(204)
34023(166)
34054(173)
34055(184)
34060(176)
34063(175)
34071(224)
34084(196)
34089(182)
34090(159)
34091(185)
34092(185)
34077(208)
34078(206)
34080(204)
34081(144)
34083(186)
33602(154)
33603(193)
33615(171)
33619(185)
33623(188)
33502(207)
33504(168)
33505(181)
33510(159)
33516(188)
33522(167)
33526(147)
33532(163)
33535(166)
33540(181)
33555(190)
33578(162)
33583(169)
33587(233)
33598(235)
33542(162)
33543(202)
33545(193)
33551(263)
33552(200)
34093(181)
34098(169)
34104(203)
34106(228)
34107(197)
35002(191)
35007(189)
35012(156)
35013(178)
35021(171)
34522(173)
34533(167)
34536(143)
34543(168)
35001(162)
35023(175)
35025(157)
35027(156)
35034(180)
35040(205)
34504(137)
34514(211)
34516(184)
34519(149)
34520(186)
34121(167)
34122(155)
34133(190)
34142(179)
34149(183)
34113(183)
34114(168)
34116(175)
34117(179)
34118(200)
34152(170)
34156(183)
34158(191)
34161(180)
34162(164)
34173(190)
34179(280)
34206(175)
34207(190)
34212(181)
34164(219)
34165(187)
34166(190)
34167(213)
34169(152)
32010(225)
32013(245)
32023(229)
32025(166)
32034(173)
31666(194)
31677(155)
31681(182)
31706(182)
32005(211)
32046(198)
32047(230)
32050(204)
32051(211)
32052(221)
32064(218)
32068(203)
32073(225)
32076(216)
32077(204)
32054(192)
32055(217)
32058(227)
32059(219)
32061(208)
31650(252)
31652(251)
31653(247)
31654(225)
31656(204)
31575(179)
31579(192)
31592(180)
31593(157)
31595(155)
33088(175)
33097(140)
33099(184)
33109(171)
33501(198)
31609(225)
31619(230)
31631(249)
31633(274)
31635(223)
31642(289)
31643(268)
31644(269)
31645(227)
31646(246)
31636(211)
31637(232)
31639(203)
31640(267)
31641(294)
32081(215)
32082(218)
32087(200)
32094(198)
32115(212)
32681(194)
32683(182)
32685(195)
32700(172)
32703(246)
32666(174)
32672(200)
32675(154)
32677(185)
32679(173)
32707(182)
32711(155)
32712(159)
33016(191)
33017(151)
33065(191)
33071(247)
33073(167)
33074(241)
33077(258)
33023(162)
33028(200)
33047(194)
33060(164)
33061(175)
32641(129)
32647(143)
32656(195)
32660(173)
32665(157)
32505(155)
32511(169)
32515(202)
32521(188)
32529(147)
32123(223)
32146(287)
32165(148)
32169(158)
32176(209)
32538(150)
32539(150)
32549(181)
32552(137)
32554(177)
32626(140)
32628(146)
32633(206)
32636(170)
32637(165)
32564(162)
32567(155)
32604(182)
32614(193)
32615(149)
11
25103(167)
25109(143)
25402(116)
25412(103)
25413(105)
25094(133)
25096(115)
25099(141)
25101(126)
25102(163)
25450(135)
25455(144)
25460(134)
25468(150)
25469(115)
25419(134)
25440(127)
25441(109)
25446(104)
25449(147)
25066(153)
25079(148)
25080(115)
25083(118)
25088(140)
25017(116)
25019(140)
25025(139)
25026(128)
25031(139)
25003(122)
25004(132)
25006(129)
25012(136)
25015(140)
25049(109)
25052(166)
25057(145)
25064(131)
25065(122)
25032(131)
25033(152)
25040(125)
25042(124)
25043(128)
26240(101)
26243(138)
26257(162)
26259(169)
26260(142)
25884(126)
26212(145)
26229(140)
26232(129)
26238(121)
25501(120)
25509(102)
25513(141)
25522(136)
25523(138)
25473(183)
25476(154)
25479(110)
25494(181)
25500(141)
25815(128)
25832(138)
25833(150)
25844(116)
25881(139)
25524(126)
25532(100)
25535(152)
25805(103)
25812(163)
3 Papers
37809(155)
37813(190)
37821(145)
37822(171)
38204(174)
37780(193)
37791(187)
37798(194)
37806(133)
37807(170)
38626(188)
38630(182)
38602(212)
38603(206)
38607(203)
38615(163)
38617(202)
37760(150)
37765(224)
37775(171)
37777(188)
37778(155)
35849(161)
35854(206)
35863(192)
35865(143)
35871(201)
35808(198)
35812(206)
35814(171)
35815(193)
35827(194)
35886(173)
35887(185)
35892(142)
35894(223)
35895(190)
35947(173)
35953(219)
35955(189)
35963(205)
35965(173)
35909(159)
35913(169)
35916(208)
35919(226)
35933(145)
35768(156)
35772(156)
35784(213)
35799(192)
35802(171)
35094(146)
35096(182)
35097(157)
35100(172)
35111(187)
35069(176)
35073(181)
35078(188)
35082(238)
35088(123)
35127(198)
35135(185)
35137(175)
35148(182)
35721(245)
35743(214)
35756(196)
35757(200)
35758(177)
35765(175)
35727(203)
35733(209)
35735(221)
35738(217)
35739(166)
37088(154)
37090(170)
37094(169)
37111(138)
37117(196)
37065(171)
37075(197)
37082(153)
37084(136)
37086(153)
37127(173)
37139(169)
37141(148)
37143(181)
37144(182)
37707(149)
37719(151)
37727(171)
37748(180)
37754(176)
37148(165)
37502(160)
37504(145)
37508(130)
37511(163)
37044(162)
37047(241)
37049(174)
37051(207)
37055(145)
36005(183)
36015(247)
36509(187)
36701(179)
36702(172)
35966(196)
35969(205)
35978(179)
35985(191)
35996(176)
36709(182)
36711(187)
36714(174)
36715(200)
36718(189)
37005(191)
37008(205)
37021(157)
37022(166)
37033(155)
36725(132)
36726(190)
36743(170)
36748(176)
37003(163)
12
31154(108)
31155(131)
31156(122)
31160(126)
31164(141)
31126(137)
31138(135)
31144(95)
31145(87)
31151(151)
31175(136)
31178(127)
31180(87)
31194(101)
31198(103)
31534(132)
31535(149)
31543(135)
31562(97)
31564(190)
31199(137)
31204(136)
31514(144)
31528(103)
31531(126)
31073(111)
31080(142)
31087(109)
31088(110)
31096(107)
30066(127)
30311(100)
30314(109)
30317(138)
30329(139)
30613(105)
30623(126)
30806(199)
31001(107)
31004(133)
31051(119)
31056(120)
31057(126)
31064(101)
31066(126)
31005(114)
31021(124)
31026(115)
31040(124)
31048(102)
31568(149)
31571(144)
31572(120)
31585(104)
31588(118)
32156(179)
32159(127)
32161(168)
32168(148)
32506(145)
32079(122)
32108(123)
32114(142)
32120(123)
32121(122)
32508(148)
32527(126)
32528(110)
32535(128)
32536(121)
32037(116)
32063(147)
32066(137)
32074(175)
32078(117)
31614(113)
31615(130)
31617(117)
31620(123)
31622(95)
31591(106)
31597(192)
31598(137)
31611(104)
31612(132)
31623(127)
31624(150)
31625(171)
31626(133)
31651(162)
31691(120)
32014(159)
32019(189)
32024(136)
32036(130)
31661(128)
31676(109)
31680(102)
31684(90)
31685(172)
27708(161)
27728(117)
27741(114)
28008(111)
28044(135)
27334(124)
27336(136)
27351(155)
27702(142)
27705(157)
28045(114)
28046(128)
28062(135)
28072(123)
28073(152)
28519(144)
28521(111)
28541(121)
28550(108)
28556(111)
28076(138)
28502(137)
28507(107)
28513(120)
28518(122)
27034(99)
27035(99)
27046(100)
27059(143)
27060(127)
26268(148)
26277(121)
26289(159)
26295(136)
26309(138)
30033(123)
30048(138)
30055(172)
30059(149)
30060(158)
26332(112)
26602(135)
26616(140)
26623(92)
26629(163)
26678(119)
26685(123)
26689(119)
27006(117)
27023(100)
26632(116)
26653(127)
26655(139)
26668(105)
26673(98)
28560(97)
28566(110)
28574(110)
28575(106)
28587(144)
29528(89)
29530(138)
29538(97)
29545(133)
29550(121)
29230(136)
29502(148)
29504(119)
29507(93)
29512(122)
29562(117)
29578(142)
29579(101)
29584(123)
29585(123)
29919(120)
30001(137)
30005(118)
30007(103)
30009(134)
29586(114)
29907(101)
29909(98)
29912(126)
29915(142)
29001(109)
29009(124)
29201(138)
29208(137)
29216(131)
28616(111)
28620(114)
28621(100)
28653(137)
28678(135)
28590(111)
28600(142)
28604(127)
28606(114)
28615(107)
28694(124)
28695(134)
28697(130)
28698(95)
28699(93)
28735(142)
28737(129)
28742(129)
28756(124)
28759(133)
28700(116)
28706(102)
28712(119)
28730(145)
28734(130)
13
25432(76)
25433(72)
25434(73)
25453(95)
25457(83)
25487(154)
25493(102)
25496(79)
25505(78)
25506(68)
25108(57)
25410(87)
25416(82)
25417(87)
25429(69)
25013(111)
25018(80)
25029(70)
25041(84)
25048(74)
25072(81)
25090(110)
25095(68)
25098(105)
25107(53)
25519(75)
25525(63)
25526(78)
25834(69)
25887(79)
25913(93)
26220(77)
26237(56)
26254(99)
26270(96)
2 Papers
37025(125)
37035(133)
37040(155)
37043(143)
37048(196)
37059(125)
37063(140)
37066(102)
37070(148)
37085(108)
37105(112)
37125(106)
37131(126)
37146(125)
37150(142)
36503(130)
36713(127)
36719(128)
36720(96)
36728(110)
36730(122)
36735(140)
36745(114)
36749(110)
36751(122)
36753(121)
37002(126)
37006(140)
37019(108)
37020(110)
37769(113)
37772(114)
37781(128)
37783(145)
37789(109)
37795(101)
37797(137)
37800(92)
38201(110)
38209(122)
38633(121)
37154(123)
37155(153)
37159(113)
37161(100)
37507(158)
37520(137)
37524(143)
37706(142)
37722(114)
37730(100)
37747(117)
37751(127)
37752(115)
37759(118)
37767(128)
35857(122)
35879(125)
35960(104)
35984(121)
36001(126)
33550(110)
33558(132)
33560(99)
33561(161)
33572(136)
33523(138)
33528(113)
33531(160)
33536(117)
33539(130)
33573(131)
33575(109)
33600(152)
33610(102)
33611(97)
34051(115)
34052(125)
34057(104)
34062(121)
34065(155)
33620(150)
34015(124)
34020(102)
34029(108)
34039(138)
33107(139)
33503(129)
33508(130)
33515(126)
33520(135)
32601(102)
32611(109)
32623(113)
32625(102)
32639(111)
32550(98)
32553(105)
32561(135)
32579(112)
32583(112)
32644(101)
32655(102)
32670(100)
32674(122)
32690(146)
33054(106)
33070(144)
33078(88)
33083(144)
33092(132)
32699(101)
32705(129)
32709(93)
33008(125)
33035(111)
35126(138)
35133(156)
35138(123)
35140(102)
35144(97)
35076(113)
35079(147)
35084(154)
35085(152)
35093(116)
35702(162)
35708(100)
35761(126)
35776(137)
35779(155)
35829(130)
35830(132)
35831(136)
35851(117)
35853(147)
35780(116)
35786(134)
35791(158)
35810(135)
35823(118)
35047(113)
35055(136)
35057(145)
35066(110)
35068(96)
34138(107)
34147(123)
34157(107)
34160(117)
34168(103)
34070(119)
34073(134)
34082(113)
34111(100)
34134(126)
34172(158)
34174(112)
34189(121)
34190(106)
34205(120)
34553(128)
34557(95)
35006(126)
35009(143)
35019(132)
34510(126)
34517(112)
34518(121)
34535(104)
34539(136)
14
31092(68)
31094(55)
31095(57)
31116(62)
31125(69)
31059(86)
31065(83)
31081(85)
31089(66)
31090(60)
31127(60)
31130(68)
31143(75)
31158(100)
31170(73)
31203(79)
31207(85)
31209(78)
31501(86)
31504(84)
31185(116)
31195(80)
31200(77)
31201(116)
31202(85)
31024(53)
31042(64)
31044(62)
31045(70)
31047(63)
29241(80)
29245(93)
29509(75)
29520(68)
29524(72)
29526(79)
29537(62)
29568(102)
29582(53)
29910(63)
30607(105)
30615(70)
30627(64)
31014(60)
31018(84)
30006(67)
30020(68)
30064(82)
30601(76)
30605(77)
31507(92)
31508(74)
31513(58)
31517(85)
31522(93)
32503(119)
32504(75)
32507(72)
32509(102)
32510(58)
32125(109)
32191(99)
32192(81)
32193(95)
32501(104)
32512(97)
32517(95)
32520(75)
32523(82)
32531(68)
32002(82)
32080(96)
32086(65)
32102(67)
32107(108)
31545(80)
31549(100)
31554(82)
31555(64)
31570(84)
31530(79)
31536(55)
31537(80)
31539(58)
31544(88)
31576(62)
31580(72)
31589(70)
31601(96)
31627(103)
31694(59)
31697(70)
31698(84)
31702(67)
31703(105)
31658(124)
31662(72)
31667(79)
31670(71)
31686(76)
28011(80)
28033(65)
28039(94)
28059(89)
28063(68)
27363(75)
27727(86)
27739(66)
27742(91)
28009(66)
28077(72)
28079(68)
28110(65)
28503(63)
28504(68)
28524(56)
28525(64)
28529(75)
28530(85)
28533(74)
28508(78)
28510(78)
28515(79)
28520(79)
28523(80)
27311(68)
27313(64)
27325(96)
27335(84)
27350(70)
26279(99)
26301(97)
26311(84)
26329(70)
26333(109)
29215(85)
29218(73)
29228(77)
29231(98)
29235(72)
26604(86)
26610(95)
26611(103)
26613(84)
26621(70)
26682(89)
27016(76)
27017(75)
27047(84)
27061(93)
26628(58)
26638(74)
26652(82)
26662(120)
26677(116)
28536(69)
28540(74)
28545(74)
28546(68)
28548(95)
28690(71)
28692(71)
28701(86)
28702(67)
28708(78)
28669(80)
28670(85)
28675(110)
28684(73)
28689(62)
28714(72)
28715(64)
28717(58)
28719(86)
28722(73)
28741(54)
28753(77)
29005(71)
29008(60)
29211(64)
28727(57)
28731(73)
28732(59)
28738(77)
28740(64)
28648(63)
28650(117)
28654(78)
28659(103)
28667(61)
28559(60)
28563(66)
28565(65)
28567(63)
28568(83)
28549(67)
28554(70)
28555(78)
28557(62)
28558(63)
28570(72)
28572(66)
28576(60)
28578(76)
28580(64)
28617(68)
28618(74)
28619(59)
28624(82)
28631(67)
28581(66)
28597(75)
28599(70)
28603(70)
28614(65)
15
28577(29)
28626(35)
28627(28)
28628(35)
28649(43)
28543(26)
28544(44)
28553(21)
28561(40)
28564(30)
28679(37)
28686(35)
28691(38)
28696(57)
28703(23)
28725(18)
28733(23)
28739(27)
28743(25)
28764(28)
28710(41)
28711(21)
28716(21)
28720(19)
28723(31)
27713(25)
28010(31)
28034(30)
28505(32)
28528(25)
25407(18)
25498(41)
25512(18)
25520(48)
25527(30)
25002(34)
25028(61)
25035(25)
25045(18)
25110(30)
25915(42)
26225(49)
26241(36)
26269(33)
26325(32)
26666(18)
26690(74)
27005(38)
27058(27)
27320(38)
26622(29)
26624(26)
26631(28)
26634(28)
26637(31)
31557(34)
31558(29)
31560(38)
31565(53)
31596(28)
31509(69)
31511(69)
31516(50)
31520(34)
31551(40)
31184(17)
31190(25)
31193(35)
31197(28)
31506(46)
29240(39)
29243(30)
29246(30)
29574(49)
29592(36)
29003(33)
29004(38)
29209(19)
29217(33)
29238(22)
30039(28)
30058(38)
30812(58)
31010(44)
31012(29)
31128(23)
31136(18)
31148(26)
31168(40)
31183(58)
31016(44)
31038(40)
31053(35)
31086(35)
31115(18)
1Paper
37816(86)
37820(57)
38206(129)
38208(76)
33110(77)
33115(60)
33527(64)
33537(86)
33559(69)
33072(52)
33082(76)
33094(59)
33100(78)
33105(63)
33567(57)
33570(62)
33574(66)
33581(74)
33585(79)
33626(108)
34021(64)
34043(100)
34066(78)
34068(92)
33591(89)
33596(71)
33607(60)
33608(51)
33612(87)
33024(79)
33026(74)
33040(77)
33062(90)
33064(85)
32569(73)
32572(60)
32575(77)
32582(65)
32585(75)
32532(55)
32559(56)
32562(75)
32563(75)
32566(67)
32598(109)
32602(52)
32634(64)
32635(80)
32638(69)
32689(90)
32694(92)
32702(59)
33001(67)
33012(79)
32646(62)
32648(71)
32653(59)
32686(67)
32688(66)
36721(86)
36722(93)
36738(102)
37014(71)
37041(86)
36006(92)
36517(84)
36706(99)
36712(135)
36716(93)
37058(65)
37091(78)
37095(50)
37118(65)
37119(59)
37743(67)
37746(104)
37788(72)
37808(89)
37810(51)
37129(67)
37160(83)
37529(61)
37703(66)
37714(76)
35828(67)
35858(68)
35893(73)
35957(81)
35998(119)
34198(67)
34210(73)
34503(65)
34508(67)
34515(71)
34069(91)
34125(58)
34153(76)
34178(76)
34197(71)
34552(71)
35003(106)
35005(85)
35015(77)
35026(88)
35062(59)
35070(95)
35774(115)
35775(92)
35822(69)
35033(89)
35054(90)
35058(89)
35060(61)
35061(61)
16
35035(53)
35037(51)
35038(36)
35039(42)
35043(41)
35050(35)
35065(18)
35095(18)
35098(35)
35099(24)
34209(40)
34501(18)
34523(45)
34524(39)
34537(35)
38202(34)
38203(43)
38207(43)
34025(40)
34108(46)
34170(32)
34177(31)
34199(40)
35110(17)
35129(54)
35147(30)
35722(71)
35725(54)
37142(36)
37162(40)
37506(36)
37712(43)
37745(51)
37756(72)
37779(41)
37785(30)
37787(37)
37792(33)
37045(17)
37054(20)
37057(24)
37074(65)
37092(54)
35759(64)
35770(52)
35881(34)
36004(45)
36502(35)
36506(45)
36516(36)
36750(39)
37032(33)
37039(45)
31689(36)
31693(23)
31696(21)
31699(35)
31700(21)
31701(25)
32083(30)
32103(30)
32534(17)
32543(42)
31659(57)
31672(25)
31673(25)
31675(34)
31688(25)
33597(36)
33604(22)
33622(26)
33627(44)
34019(24)
31613(19)
31628(37)
31630(24)
31638(43)
31657(25)
32565(29)
32571(32)
32573(20)
32574(32)
32580(34)
33102(31)
33104(24)
33106(27)
33108(40)
33111(46)
33562(42)
33564(21)
33571(24)
33582(29)
33590(32)
33041(33)
33046(44)
33087(29)
33089(21)
33101(42)
32593(48)
32599(54)
32621(17)
32692(34)
32693(24)
33003(37)
33009(41)
33011(41)
33014(39)
33025(18)
.
