With 
                  Held
URL: https://www.biek.edu.pk/Result-2022/Part-I/SM/With-Held%20&%20UFM%20Page%20SM-PART-I-2022-ANNUAL.pdf
Source: https://www.biek.edu.pk/LastResults.asp

183
Result of the following Roll Numbers will be declared later when the cases for resort to unfair means are
decided by the B.O.G.
403031
406252
413362
413366
417542
417587
417763
417951
429806
429819
430065
433322
433897
433965
433967
433969
433970
433972
434002
435669
447818
457746
457759
********
Marks Statement of the following candidates are WITH-HELD for want of Computerized Enrolment Card.
400008
400011
400026
400048
400133
400149
400156
400157
400161
400162
400163
400360
400398
400403
400407
400418
400423
400443
400532
400533
400607
400800
400809
400815
400820
400827
400836
400851
400853
400972
400994
401091
401131
401428
401444
401445
401447
401448
401661
401690
401705
401713
401778
402108
402198
402272
402290
402292
402294
402297
402371
402372
402374
402410
402436
402442
402447
402463
402489
402501
402505
402513
402535
402582
402620
402625
402626
402629
402632
402635
402638
402696
402699
402720
402806
403002
403003
403004
403006
403017
403018
403023
403032
403058
403059
403067
403078
403079
403096
403102
403105
403106
403109
403112
403113
403114
403192
403195
403196
403199
403210
403607
403735
403821
403825
403865
403869
403875
403952
403979
403998
404000
404003
404006
404007
404012
404019
404020
404021
404023
404072
404225
404229
404230
404314
404326
404378
404386
404388
404590
405283
405285
405289
405291
405292
405312
405313
405333
405336
405345
405346
405348
405447
405483
405486
405487
405491
405648
405670
406026
406030
406300
406302
406407
406446
406567
406587
406589
406591
406683
406688
406707
406711
406718
406721
406734
406784
406789
406808
406810
406820
406821
406829
406843
406861
406870
406874
406882
406883
406884
406886
406895
406896
406897
406942
406947
406949
406951
406952
406957
406961
407017
407188
407199
407291
407372
407381
407382
407390
408032
408066
408125
408136
408307
408326
408363
408444
408464
408481
408815
408916
409031
409032
409033
409507
409517
409523
409545
409552
409563
409567
409568
409578
409583
409586
409599
409600
409602
409614
409624
409739
409748
409951
410003
410004
410016
410028
410035
410038
410131
410136
410142
410403
410409
410422
410438
410447
410467
410475
410484
410581
410582
410651
410654
410676
410678
410680
410903
410969
411000
411003
411059
411082
411174
411176
411216
411245
411531
411581
411582
411583
411584
411662
411663
411706
411710
411713
411863
411865
411868
411922
411974
411976
412083
412095
412104
412124
412146
412158
412167
412181
412184
412185
412186
412283
412565
412579
412614
412620
412841
412847
412891
412892
412893
412894
412922
412924
412951
412958
412959
412971
412972
412975
412977
412978
413061
413065
413068
413069
413447
413523
413525
413527
413541
413553
413567
413580
413607
413611
413613
413627
413629
413631
413636
413637
413719
413741
413748
413750
413753
413756
413763
413780
413794
413833
413840
413846
413925
413926
413930
413943
413952
413955
413962
413974
413986
414038
414042
414048
414054
414056
414066
414073
414093
414203
414211
414320
414331
414333
414335
414353
414366
414421
414423
414425
414428
414462
414467
414533
414534
414535
415001
415013
415048
415057
415068
415105
415111
415130
415187
415226
415248
415276
415285
415304
415312
415316
415401
415403
415416
415418
415422
415425
415438
415440
415450
415452
415458
415461
415462
415464
415466
415467
415474
415477
415608
415674
415680
415682
415750
415767
415778
415792
415795
415813
415816
415818
415819
415820
415826
415828
415847
415848
415979
416205
416579
416591
416593
416594
416599
416605
416606
416644
416645
416646
416690
416695
416700
416709
416710
416717
416726
417010
417016
184
417403
417414
417421
417427
417430
417449
417452
417453
417464
417537
417559
417567
417576
417590
417615
417617
417692
417710
417758
417760
417761
417762
417764
417810
417812
417884
417891
417895
417900
417942
417947
417954
417959
417963
418114
419013
419034
419039
419048
419052
419075
419102
419105
419125
419442
419498
419514
419516
419566
419664
419750
419825
419845
419889
419894
419909
420035
420045
420049
420051
420052
420054
420055
420182
420183
420396
420398
420632
420677
420703
420714
420741
420755
420827
420854
421219
421249
421327
421342
421373
421415
421511
421565
421566
421606
421608
421610
421837
421882
421961
422046
422048
422065
422089
422214
422240
422654
422656
422702
422715
422730
422915
423241
423248
423263
423290
423412
423425
423433
423434
423491
423503
423572
424043
424168
424208
424319
424347
424369
424439
424443
424446
424470
424541
424542
424558
424570
424571
424575
424579
424632
424634
424639
424645
424649
424660
424672
424686
424736
424803
424815
424849
424878
424879
424882
424970
425005
425007
425009
425031
425038
425046
425120
425139
425140
425141
425149
425508
425510
425524
425531
425543
425552
425556
425568
425576
425580
425587
425593
425595
425602
425606
425624
425655
425660
425661
425666
425679
425682
425773
425776
426004
426119
426549
426595
426608
426619
426671
426706
426716
426750
426751
426757
426761
426764
426972
426974
427078
427140
427468
427532
427637
427677
427697
427698
427850
427962
427986
427987
427995
427996
428026
428029
428069
428172
428472
428476
428478
428766
428955
429015
429282
429467
429773
429835
429990
430011
430143
430145
430244
430278
430312
430335
430356
430397
430404
430584
430632
430709
430721
430726
430765
430791
430811
430864
430954
430959
431062
431063
431752
431818
431819
431820
431822
432180
432423
432424
432493
432495
432499
432523
432524
432528
432549
432589
432607
432688
432696
432700
432717
432720
432729
432732
432780
432787
432797
432800
432801
432813
432829
432838
433089
433100
433116
433261
433273
433276
433277
433280
433281
433284
433300
433309
433314
433318
433320
433331
433332
433533
433614
433681
433734
433790
433809
433831
433837
433838
433860
433864
433870
433895
433896
433899
433974
434003
434090
434343
434422
434856
434989
435266
435332
435382
435510
435560
435567
436095
436255
436499
436538
436720
436734
436785
437114
438121
438183
438188
438191
438196
438218
438250
438252
438253
438255
438314
438328
438338
438355
438370
438382
438391
438425
438436
438454
438459
438460
438461
438464
438466
438469
438794
438821
438828
438893
438901
438913
438914
438915
438916
439091
439092
439126
439551
439552
439553
439554
439555
439556
439557
439558
439559
439560
439561
439562
439563
439564
439639
439696
439699
439725
440228
440239
440256
440404
440427
440445
440452
440456
440581
440618
440687
440702
440721
440724
440752
440753
440846
440867
440871
440899
440917
440933
440935
440945
440954
440963
440965
440969
440973
441041
441043
441057
441060
441073
441554
441570
441581
441595
441598
441599
441610
441686
441687
442011
442041
442282
442311
442412
442578
442642
442666
442710
442723
442726
442752
442754
442760
442852
442880
442881
442917
442919
442999
443003
443011
443034
443097
443105
443107
443109
443110
443111
443112
443290
443326
443415
443863
443930
444208
444531
444642
444643
444644
444645
444646
444647
444721
444724
444728
444761
444770
444771
444775
444780
444783
444784
444786
444788
444793
444796
444810
444827
444829
444832
444834
444835
444841
444843
444850
444853
444856
444859
444968
445150
445158
445175
445232
445243
445485
445505
445518
445520
445558
445562
445571
445587
445606
445645
445649
445653
445654
445655
445659
185
445660
445666
445898
445909
445913
446003
446006
446009
446102
446105
446106
446110
446111
446112
446173
446174
446175
446176
446261
446264
447069
447116
447177
447279
447287
447309
447325
447343
447361
447454
447502
447519
447574
447588
447599
447602
447603
447604
448042
448049
448059
448194
448322
448337
448353
448379
448382
448395
448419
448430
448436
448438
448439
448611
448612
448613
448619
448714
448719
448771
448791
448792
448811
448814
448817
448846
448848
448850
448851
448852
448867
448870
448872
448877
448879
448880
449016
449035
449037
449044
449046
449605
449911
449938
449954
450001
450020
450034
450045
450047
450071
450101
450113
450114
450121
450130
450146
450163
450192
450205
450228
450229
450233
450244
450247
450250
450251
450252
450258
450329
450330
450339
450359
450379
450388
450469
450484
450487
450488
450490
450494
450802
450815
450858
450864
450866
450989
451082
451145
451146
451148
452004
452017
452046
452116
452215
452244
452289
452297
452340
452345
452353
452354
452513
452642
452663
452704
452720
452737
452788
452863
452869
452971
452979
452983
452991
453063
453214
453217
453555
453588
453656
453987
454002
454031
454043
454115
454117
454121
455007
455052
455089
455123
455132
455178
455214
455215
455451
455454
455458
455484
455488
455489
455493
455495
455496
455733
455754
455758
455759
455763
455764
455783
455793
455797
456616
456618
456619
456717
456750
456800
456801
456905
456916
456955
456962
456991
456996
457087
457093
457094
457095
457096
457097
457519
457537
457631
457765
457822
457836
457837
457841
457842
457843
457899
457900
457922
457942
457946
457948
458188
458189
458197
458204
458241
458243
458354
458364
458376
458377
458383
458387
458392
458395
458396
458504
458524
458532
458605
458613
458638
458650
458665
458670
458707
458720
458743
458795
458819
------------xxxxxxxx------------
