With 
                  Held
URL: https://www.biek.edu.pk/Result-2022/Part-II/HTP/With-Held%20&%20UFM-HTP-PART-II-2022-ANNUAL.pdf
Source: https://www.biek.edu.pk/LastResults.asp

12
Result of the following Roll Numbers will be declared later when the cases for resort to unfair means are
decided by the B.O.G.
42455
45054
45812
51687
********
Marks Statement of the following candidates are WITH-HELD for want of Computerized Registration Card.
41073
41147
41316
41491
41492
41872
41886
41945
41980
43011
43013
43016
43017
43018
43215
43216
43217
43218
43219
43401
43412
43421
43423
43424
43426
43427
43607
43608
43618
43629
43808
43810
44011
44012
44013
44014
44015
44016
44212
44217
44410
44411
44611
44616
44617
44621
44622
44624
44625
44626
45022
45029
45030
45038
45041
45042
45043
45044
45045
45047
45048
45049
45050
45051
45053
45504
45805
45806
45807
45815
45816
45818
45823
46003
46201
46208
46210
46211
46401
46402
46404
46603
46604
46605
46607
46608
46609
46610
46612
46615
46616
47019
47023
47501
47520
47537
47546
47547
47549
48027
48031
48502
48544
48545
49006
49020
49519
50015
50021
50508
50509
51001
51016
51031
51611
51650
51655
51657
51660
51663
51666
51670
51675
51686
51691
52301
52503
52512
52513
53002
53009
53019
53034
53046
53502
54003
55002
55003
56813
57404
61801
62401
65395
65526
65812
65862
66255
66259
66270
66281
66283
66487
66516
67321
67328
67329
67330
67632
67633
67635
67636
67637
68003
68311
68312
68502
68512
68514
68515
68516
68517
68705
68721
69007
69008
69217
69220
69227
69228
69229
69230
69231
69232
69233
69234
69604
69638
69641
69645
69651
69654
69655
69657
70306
70510
70522
71006
71012
71303
71304
71505
71506
72003
72501
72514
73541
73553
73555
74016
74022
74027
75503
75519
76020
76040
76041
76045
77054
77056
77058
77063
77070
78007
78519
79037
79050
80037
80039
83811
84607
88804
89201
Marks Statement of the following candidates are WITH-HELD for want of Renewal of Registration Card.
47007
47018
47504
47519
47521
51029
51614
51667
51669
54011
72011
72024
73549
74505
75030
75034
76008
76023
77002
77019
78514
------------xxxxxxxx------------
