With 
                  Held
URL: https://www.biek.edu.pk/Result-2022/Part-I/SE/With-Held%20&%20UFM%20Page%20SE-PART-I-2022-ANNUAL.pdf
Source: https://www.biek.edu.pk/LastResults.asp

177
Result of the following Roll Numbers will be declared later when the cases for resort to unfair means are
decided by the B.O.G.
100224
101849
102122
102863
115594
116810
116832
116851
116881
116886
116890
116891
116892
117013
117017
117019
117020
117030
117043
117046
117049
117093
117299
117324
117437
117487
117514
117559
127801
130719
130722
130725
130740
130792
130821
131006
131030
135714
135715
135776
140771
140987
141001
141014
141051
141066
145250
146308
147517
147521
147808
147819
151554
151881
160214
187703
Marks Statement of the following candidates are WITH-HELD for want of Computerized Enrolment Card.
100003
100017
100022
100201
100203
100262
100279
100295
100702
100727
100743
100767
100768
100779
100821
100833
100844
100853
100880
100928
101006
101032
101056
101083
101112
101155
101192
101406
101424
101428
101429
101448
101525
101543
101545
101551
101805
101810
101829
101926
101927
101931
101947
102052
102107
102138
102222
102326
102370
102488
102510
102536
102630
102947
102987
103004
103005
103006
103009
103010
103025
103044
103076
103092
103099
103122
103125
103128
103134
103140
103432
103479
103487
103509
103568
103579
103585
103589
103592
103599
103601
103695
103701
103754
103756
103761
103777
103781
103783
103785
103794
104321
104322
104323
104324
104325
104326
104327
104328
104411
105121
105133
105135
105631
105632
105637
105642
105921
105933
105937
106023
106028
106029
106034
106037
106039
106040
106407
106614
106620
106623
106625
106640
106641
106802
106813
106829
106834
106838
106841
106856
106907
106910
106915
106930
107244
107253
107268
107287
107311
107315
107323
107335
107337
107475
107478
107479
107480
107532
107620
107621
107628
107631
107963
107969
107971
107974
107975
107978
107979
108018
108040
108044
108047
108048
108053
108054
108060
108062
108212
108216
108217
108218
108226
108321
108322
108323
108324
108325
108326
108327
108328
108329
108330
108331
108332
108333
108334
108335
108336
108337
108766
108767
109090
109131
109314
109403
109411
109412
109471
109685
110083
110088
110096
110149
110166
110170
110190
110208
110270
110283
110460
110470
110488
110522
110525
110544
110561
110587
110615
110619
110631
110635
110638
110639
110652
110657
110658
111001
111074
111086
111090
111261
111486
111544
111855
111859
111864
112148
112229
112255
112324
112338
112353
112436
112443
112486
112651
112666
112790
112810
112824
112835
113052
113059
113067
113074
113119
113139
113161
113185
113186
113189
113190
113559
113562
113578
114006
114027
114032
114039
114044
114676
114677
114776
114846
115010
115353
115383
115407
115472
115562
115646
115647
115648
115663
115670
115673
115714
115717
115729
115951
115966
115969
116134
116141
116180
116317
116415
116423
116426
116430
116435
116443
116460
116463
116474
116475
116526
116530
116536
116537
116539
116550
116553
116554
116555
116559
116560
116562
116565
116567
116569
116839
116941
116951
117023
117047
117114
117210
117237
117247
117284
117288
117309
117321
117405
117426
117517
117527
117539
117540
117546
117549
117583
117586
117587
117588
117592
117598
117605
117804
117806
117807
117812
117821
117823
117826
117839
117843
117844
118031
118032
118112
118463
118498
118521
118965
118967
118978
119078
119253
119268
119503
119512
119513
119518
119913
120055
120078
120083
120095
120111
120234
120295
120518
120702
120706
120801
120802
121234
121485
121521
121616
121679
121694
121779
121785
121797
121801
122382
122393
122405
122406
122414
122424
122491
122492
122494
122495
122496
122498
178
122500
122551
122633
122661
122671
122683
122684
122688
122806
122807
122810
122811
122962
123234
123247
123438
123718
123722
123736
123797
123800
123812
123868
123898
123913
123914
123941
124002
124011
124054
124058
124068
124086
124087
124088
124089
124090
124091
124092
124573
124577
124584
124874
124909
125071
125141
125507
125510
125530
125691
125701
125780
125782
125791
125795
125797
125800
125811
125820
125830
125831
125848
125982
125990
126005
126026
126036
126038
126039
126048
126153
126154
126205
126658
126677
126705
126715
126902
126905
126907
126910
126922
127392
127437
127576
127926
128080
128135
128327
128341
128374
128378
128379
128386
128390
128691
128709
128753
128887
128888
128960
128974
128983
128985
128988
129036
129063
129111
129120
129168
129200
129206
129225
129228
129229
129602
129603
130011
130128
130344
130345
130701
130703
130706
130708
130710
130715
130717
130727
130734
130741
130743
130749
130750
130753
130757
130758
130775
130777
130785
130789
130791
130800
130807
130811
130812
130815
130980
131022
131038
131045
131052
131056
131060
131066
131077
131080
131551
131754
131755
131756
131863
132467
132601
132602
133052
133060
133634
133635
133641
133673
133693
133818
134022
134060
134069
134075
134080
134093
134119
134123
134149
134221
134224
134256
134296
134299
134318
134952
134972
134985
135231
135232
135693
135747
135780
136407
136408
136411
136434
136436
136446
136451
136455
136622
136642
136644
136650
136652
136653
136654
136661
136673
136676
136683
136704
136712
136718
136721
136745
136748
136780
137056
137062
137074
137095
137097
137115
137117
137118
137119
137129
137359
137393
137558
137681
137682
137955
137960
137975
137986
137993
137995
138008
138022
138025
138026
138027
138037
138041
138060
138065
138078
138081
138110
138116
138118
138150
138170
138189
138193
138194
138200
138201
138203
138205
138207
138456
138457
138505
138512
138514
138515
138517
138519
138541
138582
138608
138649
138666
138718
138721
138725
138733
138735
138747
138773
138779
138781
138801
138806
138812
138815
138822
138827
138832
138834
138836
138837
138839
138842
138845
138846
139251
139252
139253
139256
139257
139259
139270
139271
139272
139403
139412
139415
139731
140331
140341
140347
140349
140363
140374
140378
140401
140409
140507
140508
140511
140515
140516
140539
140547
140554
140556
140577
140578
140579
140580
140581
140582
140583
140587
140588
140590
140592
140594
140597
140600
140601
140602
140605
140766
140767
140772
140789
140810
140835
140856
140857
140862
140869
140890
140892
140901
140902
140915
140973
141006
141025
141037
141052
141092
141586
141590
141687
141715
141719
141744
141745
141749
141750
141968
142227
142238
142239
142241
142255
142472
142476
142478
142480
142605
142647
142815
142849
142858
142878
142920
142927
142939
142964
143000
143002
143006
143007
143010
143613
143619
143620
143952
144057
144068
144073
144229
144232
144715
145110
145244
145247
145249
145252
145254
145257
145259
145260
145261
145387
145391
145419
145453
145473
145480
145485
145489
145492
145494
145501
145528
145530
145535
145539
145546
145585
145607
145611
145618
145621
145622
145623
145634
146203
146204
146205
146214
146306
146335
146345
146346
147202
147215
147216
147221
147235
147381
147382
147384
147387
147501
147503
147504
147520
147528
147530
147533
147534
147537
147538
147542
147547
147549
147550
147652
147665
147667
147668
147806
149023
149028
179
149187
149190
149451
149453
149511
149520
149851
149905
149992
150004
150011
150051
150163
150171
150172
150856
150864
150865
150913
150919
150922
150923
150926
151253
151317
151341
151551
151586
151891
151904
151911
151916
151922
151958
152601
152603
152701
152702
152703
153181
154455
154463
154465
154490
154491
154496
154673
154836
155075
155733
156122
156127
156152
156176
156403
156411
156450
156461
156618
156627
156630
156668
156735
156736
157101
157534
157643
157647
158052
158351
158363
159494
159496
159505
159532
159958
159983
159994
160508
161046
161058
162705
162733
162887
162888
162926
162927
163146
163540
163871
163877
163880
163881
164306
165403
166233
166286
166793
167080
167084
167088
167089
167243
167246
167254
167270
167779
167782
168711
169501
169701
169702
169703
169704
169705
170251
170571
170573
171501
171512
171537
171538
171544
171576
171612
171630
171635
171678
171689
171705
171708
171710
171714
171987
171997
172003
172028
172312
172920
172960
173923
173974
174352
175275
175278
175296
175297
175851
176431
176432
177151
177156
177159
177164
177166
177168
177170
177177
177182
177205
177207
177208
177452
177468
177664
177831
177948
177974
178065
178073
178851
178955
179203
179714
179723
179726
179730
179740
179751
179764
179771
179775
179800
179808
179813
180151
180196
180906
180973
180974
180975
181455
181461
182658
182667
182683
182702
182766
182809
182863
182864
182877
183169
183437
183449
183451
183452
183453
183461
185461
185462
185463
186472
186478
186493
186496
186499
187233
187804
188001
188028
188302
188306
188311
------------xxxxxxxx------------
