Supplementary 
                  Examination of Humanities Private
URL: https://www.biek.edu.pk/Result-2022/Supplementary/HTP/Result-Gazzette-HTP-Supply-Annual-II-2022.pdf
Source: https://www.biek.edu.pk/LastResults.asp

1
NOTE: MARKS OBTAINED BY ALL THE SUCCESSFUL CANDIDATES ARE INDICATED WITHIN
MARKS) TO RAISE THEIR GRADES IN HARDSHIP CASES ARE INDICATED WITH PLUS(+) SIGN AND
PARANTHESIS AGAINST THEIR ROLL NUMBER AND THE EXTRA MARKS GIVEN (MAXIMUM FIVE
CANDIDATES BEARING THE FOLLOWING ROLL NUMBERS ARE DECLARED TO HAVE
PASSED THE INTERMEDIATE HUMANITIES (PRIVATE) GROUP PART - II (CLASS XII)
SUPPLY / ANNUAL - II EXAMINATION 2022.
12104(621^ 3)
12105(567)
12201(591)
12202(627)
12204(633)
11851(642)
11855(619)
11954(583)
11955(556)
11962(647)
13558(549+ 1)
13712(561)
13713(552)
13716(566)
13726(614)
12252(632)
12651(545+ 5)
12803(552)
13155(596)
13552(560)
11702(616)
11751(610)
11802(639)
11804(552)
11808(622)
11102(652)
11203(548+ 2)
11502(647)
11503(560)
11551(586)
10706(593)
10710(574)
10852(587)
10902(636)
11002(619)
11655(620)
11657(598)
11659(645)
11660(583)
11662(560)
11554(578)
11607(583)
11651(571)
11652(651)
11654(614)
14004(633)
14052(584)
14057(556)
14201(606)
15007(554)
15141(578)
15144(547+ 3)
15303(635)
15304(580)
15501(560)
15104(629)
15106(577)
15116(612)
15119(602)
15135(621)
10307(645)
10502(550)
10511(565)
10604(626)
10705(564)
10001(578)
10005(595)
10105(637)
10111(607)
10113(624)
10126(574)
10127(577^ 1)
10201(588)
10204(594)
10303(637)
Grade : C
11805(659+ 1)
11807(745)
11853(662)
11854(671)
12805(695)
13004(685)
13559(659+ 1)
15111(763)
15113(707)
15115(699)
11602(716)
11603(669)
11604(700)
11661(727)
11803(686)
10107(730)
10109(662)
10110(700)
10112(754)
10114(713)
10115(762)
10202(657+ 3)
10458(673)
10505(747)
11601(656+ 4)
17703(683)
17704(697)
18001(757)
18003(682)
18302(664)
18710(688)
18801(758)
20001(741)
***********
15907(761)
15910(763)
16801(703)
16903(687)
17074(681)
15117(726)
15120(710)
15124(756)
15132(741)
15140(740)
15307(697)
15401(734)
15653(685)
15656(733)
15752(753)
Grade : B
15112(803)
15114(780)
15118(832)
15121(773)
15122(769+ 1)
10119(862)
10904(826)
12102(779)
12802(799)
15109(867)
15125(824)
15126(829)
15127(773)
15128(809)
15129(845)
17121(804)
17505(777)
15139(854)
15652(812)
15909(796)
16209(803)
16355(856)
Grade : A
****NIL****
Grade : A-1
10001 - 23999
GRACE MARKS CASES ARE INDICATED WITH CARET(^) SIGN
2
15105(505)
15133(453)
15136(487)
15305(504)
15306(485)
15004(492)
15008(475^ 1)
15012(526)
15101(535^ 3)
15102(456)
15308(466)
15403(452)
15408(525)
15502(469^ 1)
15503(527)
15804(503)
15902(449^ 3)
15903(442)
15908(481)
16101(462)
15505(511)
15552(476)
15555(490)
15557(445)
15655(471)
14204(482)
14301(495)
14401(519)
14402(473)
14403(486)
13254(504)
13255(519)
13256(452)
13351(444)
13352(538)
12658(460)
12807(437+ 3)
12809(510)
13002(503)
13003(519)
13353(522^ 2)
13451(450)
13452(498)
13555(478)
13706(435+ 5)
14005(524)
14051(476)
14054(467)
14055(455)
14202(462)
13710(442^ 2)
13717(485^ 2)
13718(522)
13720(512)
13727(444)
18701(528)
18705(457)
18906(482)
20102(471)
20301(495)
18304(504)
18307(462)
18406(458^ 1)
18408(468)
18602(543)
20401(476)
20402(532)
20453(453)
20454(502)
22055(462)
17804(487^ 4)
17805(458)
17905(474)
18103(472^ 2)
18301(544)
16504(518^ 2)
16552(460)
16604(468)
16651(532)
16751(449)
16153(438+ 2)
16202(475)
16204(545^ 3)
16207(446)
16501(517^ 3)
16752(470)
16802(515)
16851(462^ 2)
16904(526)
16906(544)
17075(463^ 1)
17601(440)
17604(483^ 1)
17702(542)
17707(464)
16907(515^ 4)
16912(517)
17051(538)
17071(533)
17073(492^ 4)
10457(448)
10460(512)
10501(494)
10504(477)
10506(526)
10551(442)
10552(468)
10553(462)
10608(509)
10610(519)
10703(439+ 1)
10704(473)
10707(517)
10711(529)
10712(455)
10403(453)
10451(471)
10453(464^ 1)
10455(496)
10456(536)
10002(515)
10004(461^ 1)
10006(460^ 1)
10010(444)
10011(450)
10017(475)
10102(533)
10116(533)
10117(450^ 5)
10118(437+ 3)
10125(490)
10203(539)
10206(471^ 2)
10306(485)
10308(465)
10713(462^ 3)
10714(462)
10715(531)
10716(453)
10851(501)
11852(526)
11901(524)
11952(503)
11953(541^ 3)
11958(495^ 2)
11959(524)
11960(518)
11963(534)
12101(528^ 3)
12203(490)
12251(505)
12502(539)
12652(525)
12653(507)
12657(506)
11752(499)
11754(537)
11755(496)
11756(475)
11806(507)
10903(485)
10905(511)
10909(483)
10910(443)
11103(519)
11104(452)
11108(499)
11153(486)
11201(484)
11501(512)
11555(472)
11558(499)
11605(520)
11656(522)
11658(480)
Grade : D
16901(550)
16908(622)
16909(555)
16910(549+ 1)
16951(578)
16352(563)
16601(548+ 2)
16602(609)
16605(636)
16805(572)
15554(641)
15754(620)
15803(586)
16152(594)
16205(644)
16953(565^ 2)
16954(579)
16956(644)
17502(641)
17705(546+ 4)
22451(591)
19102(557)
20602(546+ 4)
20603(595)
21451(649)
22201(575)
17706(593)
18004(601)
18403(586)
18407(614^ 3)
18902(555)
3
12510(431^ 2)
12808(417)
13253(429^ 3)
13553(393)
13703(393^ 2)
10509(413)
10607(432)
10708(434)
10718(412)
11109(430)
15553(420)
15806(409)
15808(429)
16201(431)
16452(428^ 1)
13708(425)
13714(432)
15001(433)
15003(407)
15551(417^ 3)
17803(430^ 1)
20251(406)
22052(439^ 3)
22406(424)
22751(423)
10003(425^ 1)
10008(431)
10302(417)
10452(398^ 3)
10508(412)
Grade : E
22056(451)
22102(540)
22401(470^ 3)
22453(494)
22601(476)
22701(492)
.
13701(444/800)
13705(408/800)
13719(290/600)
14203(526/800)
18702(423/800)
18901(460/800)
19101(426/800)
12505(301/600)
12801(490/800)
12806(546/800)
12810(553/800)
13251(469/800)
PASS
