With 
                  Held
URL: https://www.biek.edu.pk/Result-2022/Part-II/CMR/With-Held%20&%20UFM-CMR-PART-II-2022-ANNUAL.pdf
Source: https://www.biek.edu.pk/LastResults.asp

184
Result of the following Roll Numbers will be declared later when the cases for resort to unfair means are
decided by the B.O.G.
900572
900924
904694
904695
910100
910111
910725
911110
911117
913061
913173
913193
913194
913195
913207
913219
913221
913241
913243
913257
913277
913279
913282
913290
913292
913767
918650
918730
918736
918749
918755
929103
937378
937471
937490
937596
938266
938281
938934
938946
938947
946007
946011
946029
946754
946756
946777
946780
951044
973231
********
Marks Statement of the following candidates are WITH-HELD for want of Computerized Enrolment Card.
900261
900354
900356
900357
900376
900390
900410
900491
900804
901699
902238
902553
902971
902981
903062
903080
903132
903221
903248
903297
903388
903462
903478
903488
903521
903541
903561
903623
903652
904231
904232
904234
904352
904972
905008
905050
905064
905154
905162
905200
905229
905261
905262
905271
905273
905275
905278
905284
907182
907184
908076
908093
908914
908919
908920
908934
908971
908982
909022
909023
909024
909112
909127
909540
910036
910361
910559
910586
910627
911053
911084
911166
911569
911725
911956
912134
912371
912641
912652
912654
912655
912670
912672
912726
912863
913060
913062
913106
913184
913201
913214
913275
913329
913571
913587
913716
913720
913935
914064
914236
914577
914694
916239
916959
917054
917100
917977
918908
919316
919335
919464
919515
919525
919536
920030
920699
920811
921106
921202
921245
921246
921248
921438
921848
923161
923909
923972
923973
924180
924612
924641
924670
924671
924695
924705
924706
924742
925091
925109
925897
926545
926565
926567
926747
929859
929883
929912
929962
930061
930264
930385
930410
931057
931265
931283
931600
931780
931882
931979
934261
934987
937458
938685
938754
938797
939532
940299
940817
941570
941799
942003
942027
942028
942029
942042
942807
942921
943334
943335
943358
943531
943681
943714
944072
944625
944628
944745
944790
944811
944825
944826
944827
944829
944832
944835
944837
944843
944895
944909
944955
944957
945652
946229
946230
946234
946244
946271
946289
946296
946297
946303
946304
946305
946306
946307
946308
946315
946553
946570
946590
946820
947002
947477
947845
948318
948471
948556
948749
948757
948778
948938
948945
950113
950130
950134
950139
950143
950223
950303
950345
950346
950680
951007
951008
951056
951198
951201
951210
951211
951216
951366
951611
951719
951987
952189
953668
953699
953702
953712
953828
953834
953864
953908
953939
954201
955018
956006
956069
956102
956261
956279
956281
956283
956285
956385
956418
956430
956431
956441
956445
956568
956570
956578
956626
956662
956857
956966
956974
956984
956990
957171
957179
957197
957270
957632
958512
958721
958724
958728
958736
959073
959076
961509
962508
963618
963652
963723
963796
964481
965605
966191
966652
966653
967301
967308
967309
968508
968528
972053
972649
972778
972868
973146
973356
974713
974739
974740
974854
974855
974866
974887
974980
976632
976801
977456
977457
982357
983046
983081
986601
986632
Marks Statement of the following candidates are WITH-HELD for want of Renewal of Enrolment Card.
944854
950216
956446
956614
967449
969178
970824
971052
------------xxxxxxxx------------
