With 
                  Held
URL: https://www.biek.edu.pk/Result-2022/Part-II/SM/With-Held%20&%20UFM%20Page%20SM-PART-II-2022-ANNUAL.pdf
Source: https://www.biek.edu.pk/LastResults.asp

137
Result of the following Roll Numbers will be declared later when the cases for resort to unfair means are
decided by the B.O.G.
700737
706612
706643
706681
706682
706683
706731
716560
720491
720496
720499
720533
721059
728165
736594
751253
760932
********
Results of the following candidates are WITH-HELD for want of correct information / necessary documents.
736361
Marks Statement of the following candidates are WITH-HELD for want of Computerized Enrolment Card.
700093
700983
701403
702637
702640
702711
702732
702751
702779
702806
703154
703465
703821
704059
704180
704230
704238
704381
704961
704984
705631
705632
705633
705634
705719
705731
705798
705834
705961
705999
706027
706036
706039
706049
706645
706755
707167
707250
707262
707274
707800
707803
707844
707954
708620
708671
708672
708703
709491
709494
710044
710349
710378
710406
710407
710641
710642
710871
710872
710879
711533
713510
715125
715238
715467
715604
717983
718832
720053
721229
721231
722289
722401
722486
722859
723447
723648
724331
724337
724340
725793
725839
725916
726513
726586
726974
727281
727303
728005
728072
728387
731953
731965
734402
734802
734803
734808
735174
735922
736593
736595
736969
736973
736974
736975
737071
738261
738371
738375
738846
738859
738862
738864
738867
739014
739015
739027
740332
740334
741042
741941
742319
742482
743132
743163
743902
744123
744302
744744
744943
746142
746144
746145
746150
746584
747164
747901
747903
748011
748171
749522
749746
750448
750582
750590
750591
750954
750957
750965
750967
750969
751112
751853
751856
751857
751858
752095
752428
752442
752827
752831
752842
753171
753177
753181
753857
754301
754803
754821
755051
755652
755654
755701
757091
757101
757102
757301
757323
757345
757354
757355
757702
757723
757727
757801
757802
758127
758131
758202
758203
758204
758205
758229
758427
758454
758502
758503
758563
758604
758632
758663
758670
758672
758712
758732
758734
758756
758924
758927
758991
758994
759011
759014
759015
759016
759314
759502
759503
759629
759656
759671
759691
759692
759711
759712
759713
759714
759715
759732
759734
759971
759981
760101
760133
760152
760153
760154
760191
760211
760219
760344
760381
760382
760383
760384
760393
760394
760396
760411
760418
760451
760535
760572
760582
760584
760585
760961
760983
761202
761251
761262
761431
761443
761454
761466
761468
761471
761483
761497
761506
761512
761519
761541
761542
761561
761562
761752
761781
761783
761784
761933
762218
762231
762232
762281
762282
762407
762409
762511
762515
762540
762542
762567
762569
762836
762854
762856
762858
762891
762893
762921
762942
762944
762945
762999
763015
763051
763251
763281
763302
763321
763323
763366
763367
763369
763371
763674
763693
763711
763726
763736
763741
763781
763782
763801
763873
763874
763885
763903
763910
763918
763919
763921
763924
764221
764291
764336
764611
764906
764968
764981
764982
765009
765017
765018
765027
765031
765071
765073
765074
765075
765077
765078
765104
765107
765136
765151
765165
765168
765169
765170
765171
765173
765531
765582
765687
765688
765901
765941
765942
766021
766022
766041
766042
766081
766091
766304
766371
766372
766381
766382
766431
766433
766436
766621
766627
766628
766653
766731
767204
767205
767224
776251
776901
777592
777651
Marks Statement of the following candidates are WITH-HELD for want of Renewal of Enrolment Card.
730564
730565
731958
740333
742311
------------xxxxxxxx------------
