With 
                  Held
URL: https://www.biek.edu.pk/Result-2022/Part-I/HTR/With-Held%20&%20UFM%20Page.pdf
Source: https://www.biek.edu.pk/LastResults.asp

108
Result of the following Roll Numbers will be declared later when the cases for resort to unfair means are
decided by the B.O.G.
602847
603645
********
Marks Statement of the following candidates are WITH-HELD for want of Computerized Enrolment Card.
600008
600014
600016
600017
600020
600027
600041
600048
600049
600061
600065
600067
600068
600263
600265
600268
600269
600373
600377
600378
600379
600387
600388
600396
600400
600402
600406
600408
600413
600416
600419
600435
600437
600741
601101
601108
601111
601125
601128
601129
601144
601145
601155
601157
601403
601404
601406
601445
601463
601484
601485
601488
601605
601607
601610
601617
602009
602038
602077
602091
602092
602281
602284
602302
602307
602308
602504
602513
602514
602517
602523
602531
602533
602537
602546
602550
602565
602566
602569
602571
602572
602575
602579
602807
602808
602811
602826
602831
602839
602843
602844
602845
602846
603001
603013
603018
603021
603161
603183
603187
603196
603402
603405
603420
603421
603422
603423
603430
603431
603438
603444
603452
603594
603598
603599
603600
603603
603610
603611
603612
603630
603631
603632
603633
603641
603642
603961
603962
604145
604148
604154
604156
604161
604165
604167
604186
604192
604201
604204
604206
604207
604451
604459
604481
604490
604500
604507
604512
604517
604544
604548
604551
604806
604817
604818
604832
604835
604838
604841
604843
604845
604859
604867
604868
604871
604879
604882
604890
604891
604903
604913
604914
604918
604931
604943
604945
604947
604950
604952
605255
605262
605280
605282
605292
605296
605297
605299
605300
605905
605912
605918
605919
605925
605934
605940
605941
606221
606222
606225
606226
606228
606410
606417
606420
606434
606437
606447
606844
606847
606863
606868
606869
606875
606884
606893
606903
606908
606914
606915
606917
606924
606928
606929
606931
607150
607152
607244
607248
607249
607250
607251
607252
607253
607343
607349
607355
607356
607357
607358
607361
607363
607377
607380
607384
607385
607386
607390
607391
607392
607395
607396
607397
607398
607401
607403
607410
607413
607415
607416
607419
607420
607421
607423
607424
607426
607427
607603
607606
607609
607610
607623
607624
607650
607663
608010
608013
608016
608017
608023
608025
608026
608246
608261
608266
608270
608271
608272
608285
608286
608287
608289
608291
608300
608313
608314
608321
608327
608331
608343
608376
608386
608389
608390
608394
608405
608408
608417
608422
608431
608434
608438
608439
608521
608523
608528
608645
608666
608668
608673
608674
608675
608904
608910
608922
608928
608933
608934
608948
609152
609154
609156
609165
609176
609177
609189
609200
609209
609212
609214
609220
609223
609341
609351
609353
609364
609380
609384
609385
609616
610060
610065
610079
610082
610083
610086
610093
610099
610101
610102
610114
610127
610128
610145
610147
610150
610437
610462
610468
610469
610470
610596
610605
610620
610623
610628
610631
610634
610638
610642
610643
610646
610647
610718
610722
610735
610771
610773
610775
610791
610802
610814
610848
610851
610972
610974
610976
610977
610997
611010
611085
611095
611097
611102
611103
611109
611113
611117
611420
611421
611422
611541
611545
611547
611548
611553
611560
611564
611569
611580
611586
611588
611589
611954
611992
612017
612021
612050
612084
612122
612124
612129
612460
612464
612477
612478
612483
612490
612507
612517
612540
612541
612549
612552
612555
612558
612559
612567
612575
612576
612578
612580
612581
612753
612891
612981
613148
614007
614029
614040
614041
614043
614060
614073
614082
614085
614090
614098
614106
109
614134
614234
614271
614276
614297
614298
614299
614301
614310
614317
614320
614321
614511
614512
614518
614519
614547
614550
614565
614566
614569
614570
614576
614586
614673
614676
614678
614701
614702
614722
614726
614728
614795
614951
615003
615005
615018
615030
615038
615043
615051
615059
615064
615080
615156
615159
615164
615165
615174
615228
615287
615290
615321
615328
615337
615340
615341
615343
615345
615349
615350
615351
615355
615357
615358
615359
615446
615451
615477
615503
615517
615536
615537
616161
616176
616192
616201
616204
616205
616221
616239
616278
616316
616321
616342
616375
616653
616704
616802
616804
616805
616811
616835
616852
616898
616902
616907
616908
616921
616930
616932
616939
616942
616950
616951
616952
616963
616964
616966
617218
617219
617251
617259
617263
617265
617504
617508
617528
617533
617552
617746
617931
618145
618158
618316
618550
618626
618638
618677
618679
618680
618795
618805
618811
618814
618857
618867
618873
618880
618881
618943
618944
618955
618962
619103
619105
619132
619137
619188
619212
619229
619286
619290
619385
619436
619454
619744
619754
619778
619780
619782
619805
619819
619821
619835
619836
619837
619838
619839
619840
619841
619842
619843
619847
619971
619985
619989
620034
620038
620040
620059
620069
620075
620081
620083
620098
620101
620145
620173
620176
620180
620189
620209
620210
620217
620461
620502
620509
620549
620550
620551
620577
620579
620587
620589
620706
620714
620715
620746
620750
620752
620757
620758
620904
620905
620906
621085
621097
621137
621146
621147
621148
621149
621150
621151
621152
621387
621392
621403
621412
621413
621429
621436
621511
621512
621518
621889
621890
621891
621892
621893
621961
621972
621980
621982
622001
622002
622004
622043
622120
622122
622125
622128
622135
622154
622161
622181
622201
622221
622274
622358
622376
622745
622789
622856
622864
622866
622869
622883
622906
622910
622911
622948
622961
622964
622975
622979
622986
622991
623206
623215
623221
623222
623227
623228
623237
623252
623257
623260
623276
623336
623344
623353
623361
623381
623409
623410
623413
623420
623431
623463
623470
623488
623493
623532
623533
623546
623553
623614
623638
623645
623655
623696
623741
623742
623777
623778
623829
623830
623833
623843
623845
623861
623868
623876
623877
623879
623883
623893
624603
624609
624620
624629
624642
624656
624673
624916
624919
624933
624941
624987
625005
625006
625011
625012
625271
625279
625284
625285
625286
625293
625303
625319
625323
625333
625334
625342
625344
625345
625461
625463
625467
625474
625476
625480
625481
625502
625709
625726
625728
625734
625749
625765
625776
625782
625803
625832
625838
625842
625863
625869
625895
625909
625910
625922
625980
625981
625985
626035
626043
626044
626046
626048
626051
626052
626309
626325
626721
626820
626822
626829
626833
626844
627176
627196
627226
627253
627257
627262
627515
627530
627539
627569
627588
627589
627596
627597
627615
627628
627637
627673
627739
627748
627779
627846
627853
627869
627942
627947
627975
627976
627978
628006
628052
628053
628137
628190
628247
628255
628258
628602
628625
628749
628750
628756
628762
628767
628811
628822
628926
628960
628963
628974
629105
629119
629167
629168
629169
629264
629266
629284
629290
629302
629311
629314
629327
629328
629340
629344
629359
629374
629376
629378
629430
629793
629820
629824
629951
629963
630029
630052
630053
630054
630058
630064
630066
630069
630070
630072
630074
630076
630077
630179
630181
630183
630194
630196
630197
630212
630219
630226
630294
630305
630326
630329
630336
630419
630436
630437
630438
630440
110
630716
630893
630909
630917
630918
630920
630922
630948
630961
630968
630971
630978
630980
630985
630988
630994
631012
631015
631041
631044
631055
631091
631092
631099
631102
631107
631112
631542
631554
631596
631666
631677
631678
631692
631694
631699
631700
631701
631702
631703
631787
631792
631793
631795
631796
631797
632096
632097
632115
632118
632124
632173
632192
632193
632239
632248
632249
632250
632272
632273
632275
632412
632421
632430
632441
632462
632467
632578
632593
632613
632618
632619
632624
632632
632907
632917
632918
632946
632977
633070
633094
633152
633486
633493
633500
633501
633509
633511
633515
633529
633563
633875
633894
633917
633923
634228
634229
634238
634244
634245
634250
634252
634287
634296
634313
634321
634330
634407
634413
634426
634592
634623
634624
634639
634685
634689
634789
634793
634807
634809
634946
634955
635058
635379
635433
635435
635455
635457
635459
635463
635474
635476
635478
635487
635491
635495
635507
635511
635517
635522
635544
635608
635618
635674
635726
635737
635747
635779
635796
635804
635807
635816
635840
635850
635853
635865
635882
635889
635894
635901
635908
636079
636113
636134
636141
636167
636176
636213
636219
636225
636229
636231
636451
636461
636462
636496
636497
636823
636826
636827
637091
637108
637115
637117
637120
637122
637124
637325
637326
637440
637463
637839
637907
637920
637941
637962
637984
638072
638073
638078
638140
638171
638186
638189
638211
638664
638679
638684
638692
638737
638742
638749
638751
638760
638765
638776
638786
638799
638801
638810
638811
638986
639018
639053
639059
639065
639088
639091
639093
639094
639095
639096
639273
639276
639279
639286
639292
639296
639333
639466
639475
639476
639487
639488
639503
639504
639528
639539
639545
639546
639550
639552
639908
639909
640070
640628
640732
640764
640770
640820
640826
640827
640830
640836
640837
640838
640839
640840
640931
640932
640933
640944
640962
640963
640965
640982
640989
641402
641404
641406
641409
641414
641453
641455
641470
641473
641474
641478
641484
641485
641504
641524
641601
641604
641608
641641
641683
641720
641734
641740
641744
641764
641769
641798
641832
641833
641841
641844
641847
642278
642288
642299
642302
642311
642313
642501
642505
642526
642646
642649
------------xxxxxxxx------------
