Commerce 
                  Private Part II
URL: https://www.biek.edu.pk/Result-2022/Part-II/CMP/RESULT-GAZZETTE-CMP-PART-II-ANNUAL-2022-FINAL-29.11.2022.pdf
Source: https://www.biek.edu.pk/LastResults.asp

1
NOTE: MARKS OBTAINED BY ALL THE SUCCESSFUL CANDIDATES ARE INDICATED WITHIN
MARKS) TO RAISE THEIR GRADES IN HARDSHIP CASES ARE INDICATED WITH PLUS(+) SIGN AND
PARANTHESIS AGAINST THEIR ROLL NUMBER AND THE EXTRA MARKS GIVEN (MAXIMUM FIVE
CANDIDATES BEARING THE FOLLOWING ROLL NUMBERS ARE DECLARED TO HAVE
PASSED THE INTERMEDIATE COMMERCE (PRIVATE) GROUP PART - II (CLASS XII)
ANNUAL EXAMINATION 2022.
514394(749)
514395(719)
514397(683)
514402(684)
514407(738)
514289(693)
514299(674)
514344(669)
514345(716)
514356(681)
514454(715)
514459(727)
514464(710)
514465(714)
514469(682)
514569(673)
514653(730)
514681(688)
514687(709)
514733(684)
514479(690)
514550(762)
514553(686)
514556(664)
514566(713)
514217(705)
514223(758)
514237(741)
514285(698)
514287(683)
513458(743)
513468(669)
513501(699)
513502(671)
513517(659+ 1)
513518(665)
513520(684)
513521(658+ 2)
513547(691)
513606(713)
514109(716)
514115(702)
514166(700)
514177(731)
514185(743)
513617(675)
513619(662)
513687(664)
513852(657+ 3)
514002(674)
514766(719)
514776(694)
515002(662)
515050(693)
515508(732)
515510(730)
515511(725)
515517(710)
515529(724)
515532(676)
512220(671)
512231(669)
512234(662)
512360(715)
512369(669)
512375(667)
512452(662)
512458(669)
512463(702)
512497(696)
513257(663)
513261(683)
513262(657+ 3)
513265(685)
513457(655+ 5)
512025(694)
512029(671)
512048(656+ 4)
512073(684)
512077(656+ 4)
513014(684)
513018(668)
513027(749)
513051(667)
513065(675^ 1)
513155(657+ 3)
513156(683)
513157(709)
513204(662)
513235(659+ 1)
512504(734)
512507(753)
512514(674)
512516(658+ 2)
512519(666)
512662(662)
512678(736)
512679(673)
512680(672)
513005(678)
Grade : B
514301(787)
514302(819)
514308(792)
514460(872)
514651(766+ 4)
514652(843)
514674(800)
514682(856)
514683(805)
514690(782)
513531(841)
513540(807)
513615(786)
514026(792)
514169(786)
512076(801)
512212(795)
512378(790)
512489(798)
513046(787)
513165(868)
513184(795)
513198(845)
513209(774)
513227(847)
527009(809)
531501(805)
532009(783)
535005(770)
539208(791)
540402(848)
544006(776)
544011(770)
544012(814)
548005(810)
548024(801)
***********
514731(810)
514737(794)
514739(845)
514778(791)
517012(851)
519505(834)
519526(792)
521003(785)
521015(827)
521021(860)
521022(814)
521023(778)
521024(796)
521026(772)
521504(777)
Grade : A
514391(919)
514408(912)
514455(896)
514736(905)
Grade : A-1
512001 - 564999
GRACE MARKS CASES ARE INDICATED WITH CARET(^) SIGN
2
512392(565)
512454(571)
512456(549+ 1)
512459(593)
512471(591)
512362(547+ 3)
512367(577^ 3)
512374(571)
512379(589)
512384(617)
512475(556)
512477(607)
512495(580)
512505(569)
512506(652)
512531(644)
512535(619)
512537(611)
512538(591)
512541(619^ 1)
512509(556)
512510(572)
512515(651)
512522(591)
512526(642)
512355(575)
512356(590^ 1)
512357(585)
512358(612)
512359(605)
512050(586)
512052(552)
512058(659^ 3)
512061(645)
512063(602^ 1)
512070(600)
512082(632)
512083(614)
512084(620)
512092(643)
512215(584)
512238(577)
512240(639)
512351(547+ 3)
512354(630)
512100(615)
512106(597)
512108(561)
512109(554)
512209(616)
512543(585)
512651(578)
512658(550)
512665(568)
512666(626)
513203(557)
513207(545+ 5)
513215(587)
513216(588)
513218(582)
513178(602)
513180(602)
513181(619)
513191(581)
513200(580)
513219(545+ 5)
513221(609)
513223(577)
513224(630)
513225(559)
513154(577)
513159(599)
513163(549+ 1)
513174(605)
513177(627)
512682(618)
512687(623)
512688(573^ 2)
512696(562)
512853(577)
512671(569)
512674(545+ 5)
512676(596)
512677(620)
512681(598^ 3)
512863(630)
512953(568)
513002(628)
513003(616)
513009(568)
513058(594)
513067(638)
513151(606)
513152(601)
513153(579)
513011(550)
513019(593)
513022(626)
513040(572)
513045(563)
512002(607)
512005(618)
512011(609)
512035(644)
512047(556)
Grade : C
535604(655+ 5)
535611(663)
535902(724)
535921(663)
536808(667)
535016(656+ 4)
535019(752)
535301(657+ 3)
535302(740)
535309(705)
537712(727)
538308(683)
538607(673)
540410(756)
540609(657+ 3)
544005(718)
544007(726)
544008(733)
544009(756)
544014(720)
541204(662)
544001(671)
544002(655+ 5)
544003(724)
544004(747)
519036(730)
519039(663)
519507(664)
519534(712)
521014(669)
516013(659+ 1)
516520(671)
516534(699)
516538(665)
518012(702)
521019(746)
521020(726)
521030(686)
521503(705)
525501(694)
529007(740)
529019(670)
531001(675^ 1)
531007(682)
532001(756)
525506(717)
525513(724)
527007(720)
528501(734)
528502(741)
548506(679)
548515(684)
548518(665)
548519(681)
548520(688)
548007(734)
548011(703)
548012(655+ 5)
548013(748)
548502(668)
548523(667)
550002(723)
550003(688)
550005(742)
551403(665)
552606(700)
553501(677)
554401(697)
555901(746)
557620(658+ 2)
552004(696)
552005(677)
552007(687)
552302(678)
552604(695)
545024(684)
545025(760)
545517(691)
546001(664)
548002(674)
544023(742)
544024(682)
544025(725)
544510(682)
544512(661)
544017(739)
544018(718)
544019(725)
544020(741)
544022(701)
545001(678)
545002(696)
545004(755)
545005(711)
545008(717)
545018(665)
545019(736)
545020(718)
545021(746)
545022(713)
545009(701)
545013(702)
545014(722)
545015(689)
545016(703)
3
516023(559)
516516(581)
516531(612)
516532(632)
516535(606)
516011(606)
516012(618)
516016(556)
516020(647)
516022(611)
516545(603)
516546(567)
517002(599)
517004(578)
517011(554)
517030(585^ 3)
517031(638)
517032(575^ 1)
517035(592)
518002(580)
517013(630)
517016(590)
517019(641)
517021(550)
517022(571)
515533(561)
515537(560)
515539(635)
516004(573)
516010(553)
514762(578)
514764(545+ 5)
514772(630)
514773(570)
514775(575)
514782(561)
515029(594)
515033(597)
515043(564)
515044(552)
515512(604)
515514(560)
515515(628)
515519(591)
515526(599)
515046(635)
515047(563)
515056(545+ 5)
515057(549+ 1)
515509(583)
519007(582^ 3)
519024(629)
519041(604)
519504(556)
519516(645)
525514(636)
525518(618)
526005(607)
526501(620)
526509(554^ 2)
525007(601)
525009(644)
525016(603)
525017(638)
525020(649)
526516(593)
526518(627)
526519(581)
527012(593)
527013(575)
521509(614)
521511(562)
522019(623)
523003(572)
525005(585^ 3)
519543(638)
519545(558)
519546(576)
519548(617)
519549(563)
519518(552)
519519(590)
519525(597)
519527(584)
519537(548+ 2)
519553(598)
519554(615)
521008(561)
521009(601)
521010(578)
521041(552)
521042(586)
521044(598)
521045(551)
521507(606)
521017(611^ 2)
521025(546+ 4)
521034(651)
521035(628)
521038(647)
513510(564)
513512(572)
513514(592)
513515(589)
513516(608)
513465(546+ 4)
513466(610)
513507(647)
513508(619)
513509(633)
513519(579)
513524(598)
513525(555)
513529(651)
513537(607)
513614(635)
513616(559)
513618(640)
513653(574)
513654(619)
513538(606)
513541(576)
513604(596)
513605(624)
513612(547+ 3)
513459(629)
513460(575)
513461(616)
513462(564)
513463(573)
513229(551)
513230(612)
513232(645)
513233(588)
513236(617)
514673(644)
514675(605)
514677(588)
514684(545+ 5)
514738(579)
513242(643)
513243(577)
513244(558)
513246(575)
513247(615)
513263(646)
513264(592)
513266(551)
513268(651)
513453(570)
513252(638)
513253(643)
513256(615)
513258(637)
513259(581)
513658(556)
513688(627)
513851(559^ 1)
514031(578)
514101(559)
514453(556)
514457(581)
514461(605)
514532(597)
514535(626)
514401(629)
514403(619)
514404(586)
514433(631)
514452(601)
514539(609)
514542(586)
514543(643)
514548(559)
514549(619)
514568(558)
514570(582)
514576(645)
514582(547+ 3)
514654(636)
514551(613)
514552(545+ 5)
514559(654)
514562(573)
514564(576)
514355(569)
514359(640)
514361(578)
514396(556)
514400(631)
514162(612)
514167(609^ 3)
514171(575)
514174(550)
514175(561)
514102(565)
514104(586)
514107(580)
514114(567)
514123(624)
514186(614)
514188(619)
514216(575)
514225(584)
514226(609)
514286(584)
514296(545+ 5)
514297(643)
514300(624)
514304(609)
514234(548+ 2)
514281(547+ 3)
514282(581)
514283(603)
514284(642)
4
512034(530)
512037(475^ 2)
512038(511)
512039(465^ 2)
512041(494)
512043(489)
512054(539)
512060(488)
512067(501)
512068(438+ 2)
512069(463)
512074(459)
512075(443^ 2)
512079(481)
512081(531)
512003(464^ 3)
512007(531)
512010(455)
512012(527)
512013(528)
512014(542)
512015(542)
512018(486)
512019(506)
512020(529)
512021(526)
512022(450^ 1)
512023(507)
512024(539)
512031(529)
512093(459)
512094(463)
512104(506)
512105(500)
512206(495^ 3)
512207(452)
512208(514)
512210(472)
512214(505)
512216(529)
512226(508^ 3)
512230(537)
512237(499)
512242(474^ 3)
512243(456)
Grade : D
548517(583)
548526(555)
548527(611^ 1)
549501(636)
549502(625)
549503(570)
550004(567)
550006(590)
550007(608^ 3)
550501(648)
548507(646)
548508(582^ 2)
548509(639)
548510(587)
548511(597)
547004(585^ 3)
547006(562)
547007(621)
547008(569)
548008(572)
548018(599)
548019(619)
548501(564)
548504(645)
548505(641^ 1)
557801(545+ 5)
557809(545+ 5)
558606(552)
558607(568)
558617(639)
558821(553^ 1)
559401(565)
561005(581)
561609(563)
561801(574)
557010(575)
557014(550)
557022(563)
557402(555)
557406(643)
551401(596)
552301(649)
552305(552)
552603(641)
552605(650)
554702(575^ 2)
554703(581^ 2)
554709(612)
554710(579)
555605(622)
546005(597)
546011(551^ 3)
547001(595)
547002(619)
547003(599)
535901(550^ 1)
535907(547+ 3)
535908(551)
535912(583)
535917(557)
535318(644)
535319(556)
535606(602)
535607(564)
535609(590)
535918(638)
536201(552)
536210(641)
536807(548+ 2)
537407(593)
537713(574)
537717(565)
537719(564)
537720(550)
537722(575)
537412(551)
537414(578)
537705(577)
537706(645)
537708(635)
535015(579)
535017(583)
535018(571)
535308(636)
535314(602)
529018(552^ 2)
529023(594)
529507(574^ 1)
529511(634)
529513(584^ 2)
528003(629)
529001(553^ 1)
529010(645)
529014(635)
529015(567)
529514(612)
531003(564)
531004(552)
531017(585)
531021(561)
535010(645)
535011(595)
535012(644)
535013(622)
535014(615)
531022(631)
531502(634)
535003(573)
535007(594)
535009(555)
544506(610)
544507(628)
544508(642)
544513(591)
544514(618)
542405(550)
544016(587)
544021(649)
544501(617)
544504(585^ 1)
544515(545+ 5)
544516(565)
545003(621)
545007(577)
545012(653)
545509(628)
545514(585)
545515(566)
545519(577)
546004(567)
545023(604)
545502(619)
545503(553)
545506(629)
545508(581)
541002(557)
541203(569)
541808(548+ 2)
541809(571)
542403(577)
537737(552)
538301(597)
538304(585)
538605(581)
538610(568)
537724(548+ 2)
537725(641)
537730(572)
537734(549+ 1)
537736(575)
538611(562)
538612(569)
538614(562)
538622(635)
538624(551)
540403(570)
540408(598)
540601(578)
540604(590)
540802(583)
538625(597)
538904(577)
539207(590)
540005(574)
540205(635)
5
513451(528)
513452(494)
513454(539)
513455(533)
513464(532)
513249(544)
513250(512)
513260(530)
513267(517)
513269(513)
513467(535)
513506(522)
513511(521)
513526(513)
513530(487^ 3)
513601(463)
513602(479^ 1)
513603(437+ 3)
513608(493)
513610(486)
513532(526)
513533(505)
513534(534^ 1)
513539(473)
513543(476)
513234(508)
513238(514)
513239(521)
513240(493)
513245(539)
513187(472)
513188(490)
513189(474)
513190(521)
513192(516)
513193(449)
513197(491^ 5)
513199(530)
513201(540)
513202(519)
513220(530)
513222(509^ 2)
513226(522)
513228(458)
513231(538)
513206(472)
513211(528^ 1)
513212(533)
513213(489)
513217(518)
513613(527)
513661(461)
513669(502)
513700(469)
513712(534)
514473(486)
514483(524)
514524(518)
514525(466^ 5)
514533(499)
514432(486^ 1)
514458(494)
514462(470)
514466(502)
514472(457)
514538(484^ 1)
514540(526)
514541(447^ 2)
514547(484)
514555(527)
514354(475)
514357(470)
514358(531)
514405(474^ 1)
514406(480)
514032(440)
514103(504)
514106(525)
514108(535)
514119(452)
514004(526^ 1)
514012(533)
514014(511)
514028(469)
514030(497)
514120(454^ 2)
514163(480)
514165(481^ 3)
514168(524)
514173(479)
514293(541)
514306(453)
514347(492)
514349(491)
514351(482^ 2)
514178(503)
514182(466)
514235(494)
514236(537)
514290(524)
512487(486)
512490(518)
512491(448)
512493(461)
512494(444^ 1)
512470(506)
512479(442)
512482(508)
512484(482^ 3)
512486(526)
512500(452)
512502(512^ 2)
512503(539)
512508(499)
512513(476^ 2)
512524(508)
512525(496)
512527(529^ 3)
512530(512)
512532(525^ 2)
512517(470^ 3)
512518(536)
512520(518^ 1)
512521(487^ 1)
512523(488)
512451(455)
512460(470)
512461(517)
512462(503)
512469(537)
512244(452^ 3)
512245(443)
512249(478)
512251(449)
512352(497)
513176(501)
513182(499)
513183(538)
513185(476)
513186(442^ 3)
512363(522)
512371(544)
512372(502^ 1)
512376(541)
512380(520^ 3)
512391(497)
512393(528)
512394(515)
512398(493)
512403(506)
512385(525)
512386(544)
512387(502)
512388(515)
512390(494)
512539(485)
512652(457)
512653(517^ 3)
512654(501)
512656(488^ 2)
513038(527)
513044(493)
513047(500)
513048(535)
513049(526)
513030(518)
513032(442^ 2)
513033(459)
513036(442)
513037(473)
513050(523)
513055(473^ 3)
513060(508)
513062(476)
513066(488)
513169(533)
513170(544)
513171(511)
513173(536)
513175(486)
513158(444^ 3)
513161(519)
513162(514)
513164(467)
513168(497)
513016(443^ 1)
513017(484)
513023(501)
513025(474)
513026(459)
512668(529)
512669(494)
512670(532^ 3)
512673(544)
512675(473)
512657(450^ 1)
512661(497)
512663(470^ 2)
512664(523^ 1)
512667(536)
512685(543)
512686(486)
512689(515)
512759(448^ 3)
512772(525)
513004(465^ 1)
513006(530)
513008(540)
513013(531^ 3)
513015(507)
512775(525)
512781(511)
512852(480)
512858(475)
513001(487)
6
522018(483^ 2)
522021(485)
522026(486^ 3)
525013(538^ 2)
525014(510)
521033(460)
521502(497)
521508(457^ 2)
521510(479)
522005(520)
525512(437+ 3)
526507(494)
526508(498)
526512(499)
527010(527)
529011(444^ 3)
529016(538)
529501(477)
529503(495)
529509(531)
527503(522)
528004(468^ 2)
529002(471)
529003(452)
529005(468^ 3)
521018(492^ 1)
521027(530)
521029(537)
521031(511)
521032(515)
519530(535)
519531(493^ 5)
519535(497)
519536(471)
519539(472^ 1)
519542(518)
519544(476^ 3)
519547(531)
519555(487)
519557(517)
520507(493^ 2)
520508(465^ 2)
521004(441)
521011(465)
521013(472)
519558(497)
519559(540)
520502(469)
520505(534)
520506(484)
529516(476)
529518(456)
529520(474)
529522(496)
530503(461)
536804(493)
536805(494)
536806(462)
536809(490)
537406(452^ 2)
536209(535)
536211(451)
536212(532)
536213(537)
536801(485)
537408(515)
537410(498)
537411(535)
537701(517)
537702(506)
535914(517)
535919(503)
536202(467)
536204(473)
536206(456)
535004(525)
535008(517)
535303(516)
535304(522)
535306(525)
530504(482^ 3)
532007(543)
533002(518)
535001(539)
535002(497)
535307(489)
535310(512)
535311(481)
535316(510)
535317(451)
535904(527)
535905(473)
535909(489)
535910(528)
535913(501)
535602(491)
535603(525)
535605(539)
535608(494)
535610(528)
515041(519^ 3)
515042(456^ 3)
515048(538)
515049(491)
515051(531)
515032(517)
515034(506)
515035(508)
515038(482)
515040(457)
515052(484)
515054(454)
515513(532)
515518(467)
515520(497)
515534(503)
515535(497)
515536(495)
515543(514)
516002(498)
515522(454)
515523(469)
515524(510)
515525(474)
515528(458)
515025(479)
515026(489)
515027(525)
515028(451)
515030(506)
514557(489)
514567(513)
514575(528)
514579(472^ 3)
514591(446)
519520(474)
519521(458)
519522(494)
519523(528)
519524(497^ 2)
514671(524)
514692(529)
514767(489)
514769(492^ 3)
514770(506^ 6)
515013(477)
515014(468)
515016(500)
515021(445^ 1)
515022(442^ 1)
515001(506)
515005(488)
515007(496)
515008(474)
515010(494)
516007(477)
516008(467)
516014(521)
516017(515)
516018(524)
518015(437+ 3)
518506(452)
519003(498)
519009(524)
519016(449^ 2)
517027(549^ 1)
517028(524^ 2)
517521(456)
518007(486)
518009(450^ 3)
519017(507)
519018(518)
519019(507)
519020(476)
519023(467)
519506(453)
519509(493)
519510(538)
519511(485)
519514(497)
519027(469)
519034(446^ 1)
519035(530)
519037(539)
519038(463)
517003(466)
517006(516)
517007(545^ 1)
517009(457^ 2)
517023(542^ 2)
516505(513)
516506(539)
516507(485)
516513(479^ 2)
516517(528)
516019(438+ 2)
516024(480)
516025(474^ 2)
516026(464^ 2)
516501(441)
516518(534)
516521(537)
516522(512)
516523(459)
516524(487)
516539(539)
516540(534)
516543(516)
516547(544)
516551(477^ 2)
516528(520)
516529(475^ 2)
516530(501)
516533(511)
516537(493)
7
512765(439^ 4)
512865(423^ 1)
513063(436^ 1)
513167(404^ 3)
513254(417)
512247(427)
512382(432^ 2)
512383(430)
512480(409^ 5)
512488(415^ 1)
512056(409^ 4)
512088(428^ 1)
512095(430^ 2)
512236(410)
512246(417^ 2)
Grade : E
558820(452)
558823(472)
558824(471)
559201(496^ 2)
559203(449)
558813(472)
558814(534)
558815(488)
558816(541^ 2)
558818(509)
559407(440)
559408(465)
559409(490)
559410(476)
559412(475)
559204(485)
559403(520)
559404(473)
559405(448^ 1)
559406(460)
558613(479)
558614(528)
558616(456)
558618(443)
558621(448)
558603(510)
558604(541)
558608(529)
558610(506)
558611(454)
558804(486^ 3)
558806(543)
558808(496)
558809(493)
558810(518)
558622(521)
558624(440^ 3)
558801(463)
558802(461)
558803(498)
562809(530)
562810(516)
562811(462)
562812(450)
562813(478)
561802(518)
562001(527)
562601(526^ 2)
562803(472)
562808(447)
563802(488)
564001(492)
562814(526)
563402(493)
563404(527)
563406(438+ 2)
563407(478^ 3)
559801(450)
559802(495)
561002(479)
561003(458)
561006(497)
559414(452)
559416(442)
559501(488)
559601(452)
559602(525)
561602(457^ 1)
561603(477^ 2)
561605(494)
561606(481)
561607(524)
561201(487)
561401(534)
561403(497)
561404(457^ 1)
561405(459)
557805(476)
558003(447)
558201(439+ 1)
558401(489)
558602(462)
540004(497)
540201(532)
540202(534)
540203(523)
540207(525^ 1)
539201(502)
539803(531)
539804(514)
540002(470)
540003(475)
540401(505)
540404(452)
540405(534)
540407(528^ 3)
540409(490^ 1)
541604(464^ 3)
541605(502)
541607(543^ 1)
541608(526)
541802(507)
540602(458)
540605(437+ 3)
540610(521)
541004(494)
541202(465^ 3)
538628(520)
538901(466^ 2)
538902(531)
538903(505)
538905(511)
537721(497^ 3)
537723(498)
537726(489^ 3)
537727(480)
537728(533)
537703(510)
537707(504)
537709(521)
537714(480)
537718(526)
537729(497)
537731(488^ 2)
537732(504)
537735(504)
537738(458)
538608(486)
538616(455^ 5)
538618(440)
538619(478)
538627(500)
538302(533)
538305(509)
538306(499)
538309(523)
538606(451^ 3)
557023(486)
557201(478)
557203(482)
557207(465)
557403(449)
557008(498)
557011(511)
557015(532)
557017(453)
557018(514)
557404(439+ 1)
557405(450)
557407(527)
557601(535)
557603(535)
557617(485)
557618(446)
557621(437+ 3)
557802(522^ 2)
557803(510)
557604(440^ 3)
557605(480)
557606(507)
557612(487)
557615(493)
551005(468^ 5)
552002(452)
554408(477^ 2)
554711(541^ 3)
557003(488)
542804(506)
542805(444)
544502(471)
544503(484^ 1)
544505(505^ 1)
541803(519)
542406(499)
542408(463^ 1)
542802(489^ 2)
542803(525)
544517(541)
545505(489^ 3)
545507(522)
545512(503)
545518(531)
547005(538^ 2)
548020(526^ 3)
548021(461^ 2)
548022(492)
548525(536)
546002(524)
546006(548^ 3)
546007(522)
546013(530)
546501(488^ 4)
8
541003(433)
542801(424)
557002(417)
557006(435^ 1)
557019(430)
538303(428)
538613(425)
538906(431^ 3)
539202(413)
540607(430)
561804(428^ 3)
562802(389)
563201(432)
557020(431)
557024(429)
557602(422^ 1)
557607(408)
557611(429)
559413(404)
559415(420)
559803(412)
559804(410)
561004(438^ 2)
558805(430)
558807(432^ 3)
559202(430)
559205(425)
559402(421)
557619(428^ 2)
557808(421)
558202(434)
558609(415)
558620(423)
515020(400)
515024(425)
515045(437^ 3)
516502(404)
516503(429^ 3)
514240(390^ 4)
514243(407^ 3)
514478(435^ 3)
514691(433^ 3)
515011(427)
531011(418^ 3)
535313(423)
535915(401)
536502(415)
537413(418^ 1)
516504(405^ 2)
516510(421^ 3)
516525(417)
517014(378^ 2)
517033(422^ 2)
525508(416)
526001(386)
527002(412^ 2)
527008(394^ 3)
527017(387)
519541(433)
520501(431^ 4)
521016(393)
521028(428^ 1)
521043(407)
517034(379^ 2)
519025(427)
519040(418)
519501(416)
519533(434)
.
519502(280/600)
519503(319/600)
529017(454/600)
515006(385/600)
515503(454/600)
515541(369/600)
516509(356/600)
518502(410/600)
PASS
