Supplementary 
                  Examination of Science General
URL: https://www.biek.edu.pk/Result-2022/Supplementary/SG/Result-Gazette-SGR-Supply-Annual-II-2022.pdf
Source: https://www.biek.edu.pk/LastResults.asp

1
NOTE: MARKS OBTAINED BY ALL THE SUCCESSFUL CANDIDATES ARE INDICATED WITHIN
MARKS) TO RAISE THEIR GRADES IN HARDSHIP CASES ARE INDICATED WITH PLUS(+) SIGN AND
PARANTHESIS AGAINST THEIR ROLL NUMBER AND THE EXTRA MARKS GIVEN (MAXIMUM FIVE
CANDIDATES BEARING THE FOLLOWING ROLL NUMBERS ARE DECLARED TO HAVE
PASSED THE INTERMEDIATE SCIENCE (SCIENCE GENERAL) GROUP PART - II (CLASS
XII) SUPPLY / ANNUAL-II EXAMINATION 2022.
405128(568)
405132(584)
405137(566)
405139(584)
405145(624)
405147(573^ 5)
405148(583)
405168(603)
405170(600)
405173(621)
405501(639)
405502(568)
405506(556)
406006(588)
406151(559)
404302(643)
404512(553)
405063(587)
405124(631)
405126(576)
404022(582)
404026(565)
404029(550)
404031(592)
404032(637)
404033(611)
404035(545+ 5)
404036(554)
404038(590)
404104(635)
404181(608)
404251(618)
404253(569^ 1)
404254(561)
404256(608)
408255(639)
408262(623)
408263(565)
408404(625)
408681(561)
407510(636)
407713(618^ 1)
407714(649)
407715(581)
408027(565^ 3)
406303(551^ 2)
406451(577)
406603(593^ 2)
406631(615^ 1)
406681(603)
406803(575^ 2)
406852(570^ 2)
406853(604)
406858(586)
407027(582)
407181(574^ 2)
407301(607)
407504(622)
407505(582)
407506(652)
403433(578)
403435(604)
403571(563)
403652(563)
403901(550)
400701(638)
401005(545+ 5)
401201(611)
401203(650)
401604(585)
401605(549+ 1)
401614(569)
401703(590)
402101(590)
402102(631)
400151(545+ 5)
400167(547+ 3)
400168(597)
400409(628)
400411(623^ 2)
400053(633)
400054(637)
400055(545+ 5)
400061(605)
400062(610^ 3)
400063(561)
400064(585)
400065(588)
400070(626)
400072(553)
402103(620)
402104(608)
402132(631)
402253(616)
402351(606)
403058(571)
403105(639)
403107(584)
403109(592)
403203(575)
403204(551)
403231(570)
403233(555)
403401(582)
403431(571)
402857(569)
402860(586)
402863(588)
402864(570)
402865(584)
402352(571)
402402(602)
402405(558)
402409(559)
402452(625)
402504(624)
402651(587)
402701(575^ 2)
402802(554)
402806(545+ 5)
Grade : C
401701(688)
402003(743)
402251(719)
402254(655+ 5)
402505(659+ 1)
400069(661)
400073(669)
400403(673)
401202(685)
401607(719)
403108(712)
403403(656+ 4)
403952(761)
404021(656+ 4)
404023(747)
407716(694)
***********
404034(684)
405144(669^ 1)
405171(693)
405352(660)
406008(670)
Grade : B
404028(776)
404030(835)
412751(816)
Grade : A
407451(886)
Grade : A-1
400001 - 429999
GRACE MARKS CASES ARE INDICATED WITH CARET(^) SIGN
2
400001(439^ 3)
400406(423^ 3)
402001(433)
410131(420)
Grade : E
403471(524^ 1)
403651(489)
403653(519)
403904(500)
404024(536)
404025(524)
404037(542)
404040(505)
404252(533)
404255(519)
403104(543)
403106(499^ 2)
403232(498)
403353(504^ 2)
403432(542)
402861(470)
402862(480)
402866(467)
402867(478)
402901(532)
403053(511)
403054(537)
403057(517^ 2)
403065(542)
403103(539)
404506(461)
404509(466^ 3)
405005(528)
405123(532)
405901(463^ 2)
409108(513^ 1)
409531(479^ 2)
409901(508)
410301(438+ 2)
410701(462)
419542(525)
419631(537)
421051(485^ 1)
421071(499^ 2)
408406(532^ 1)
408408(518^ 1)
408682(506^ 2)
408703(526)
409106(523^ 1)
405904(533^ 2)
406003(541)
406152(517)
406605(544^ 3)
406854(514)
407331(463)
407333(494)
407704(499^ 5)
408091(473)
408321(476)
400352(497^ 3)
400401(501)
400405(500)
400407(478^ 3)
400415(483)
400420(536)
400421(533)
401004(493^ 1)
401006(498)
401272(532)
400052(477)
400059(540)
400066(460)
400068(540)
400074(478)
400076(492^ 1)
400155(489)
400162(543)
400163(529^ 1)
400165(526)
401601(472)
401702(525^ 5)
401967(514)
402401(511)
402403(470)
402801(529)
402803(505)
402805(516)
402852(475)
402853(507)
402854(448)
402855(437+ 3)
402856(468)
402858(463)
402859(441^ 3)
402404(536)
402406(519)
402407(484)
402408(491)
402410(500)
402411(494)
402453(498)
402501(543)
402503(522)
402601(543)
Grade : D
408752(593^ 3)
408922(610)
410631(619)
411253(564^ 2)
411283(574)
412671(561)
419541(570)
422091(557)
422413(558)
.
