Supplementary 
                  Examination of Humanities Regular
URL: https://www.biek.edu.pk/Result-2022/Supplementary/HTR/Result-Gazzette-HTR-Supply-Annual-II-2022.pdf
Source: https://www.biek.edu.pk/LastResults.asp

1
NOTE: MARKS OBTAINED BY ALL THE SUCCESSFUL CANDIDATES ARE INDICATED WITHIN
MARKS) TO RAISE THEIR GRADES IN HARDSHIP CASES ARE INDICATED WITH PLUS(+) SIGN AND
PARANTHESIS AGAINST THEIR ROLL NUMBER AND THE EXTRA MARKS GIVEN (MAXIMUM FIVE
CANDIDATES BEARING THE FOLLOWING ROLL NUMBERS ARE DECLARED TO HAVE
PASSED THE INTERMEDIATE HUMANITIES (REGULAR) GROUP PART - II (CLASS XII)
SUPPLY / ANNUAL-II EXAMINATION 2022.
809471(598)
809601(622)
810261(586)
810495(600)
810901(572)
809006(598)
809009(644)
809011(592)
809016(620)
809019(582)
811030(552)
811502(548+ 2)
811546(581)
811882(567)
811889(624)
812615(648)
813004(553)
813022(546+ 4)
813023(577)
813052(551)
811892(579)
811897(547+ 3)
811903(559)
811910(557)
812607(549+ 1)
808392(612)
808547(546+ 4)
808930(607)
809002(610)
809005(608)
804541(549+ 1)
804544(551)
805253(563)
805270(556)
806017(547+ 3)
806018(562)
806024(619)
806341(593)
806348(616)
806823(654)
808077(644)
808078(586)
808081(554)
808324(575)
808382(576)
806824(583)
807686(564)
807707(585)
808068(558)
808074(545+ 5)
813424(551)
813649(594)
814093(647)
814101(631)
814102(547+ 3)
814103(558)
814105(593)
814108(546+ 4)
814117(549+ 1)
815011(547+ 3)
800719(549+ 1)
800721(567)
800826(583)
801689(641)
801697(653^ 1)
800001(621)
800009(553)
800010(588)
800281(653)
800701(547+ 3)
803429(573)
803469(558)
803480(604)
803486(559)
804059(603)
803205(612)
803317(590)
803324(641)
803406(567)
803414(551)
802090(605)
802319(547+ 3)
802654(549+ 1)
802766(623)
802960(552)
801946(627)
802072(584)
802078(611)
802079(564)
802083(588)
Grade : C
806011(713)
806013(674)
806501(710)
806719(717)
807421(686)
807422(751)
807581(673)
807695(742)
808075(664)
808076(661)
801022(759)
801583(664)
801722(673)
803206(698)
803208(658+ 2)
803318(708)
804071(734)
804542(666)
805263(704)
806010(663)
819894(701)
820605(663)
820622(757)
821561(722)
821725(676)
821929(689)
821973(736)
838641(663)
852691(725)
***********
818333(671)
819819(760)
819839(682)
819876(659+ 1)
819878(726)
808388(656+ 4)
809003(719)
809013(750)
809904(709)
809912(663)
809913(666)
813038(734)
813406(708)
813629(673)
818326(755)
Grade : B
800187(765+ 5)
801582(807)
803321(793)
812381(857)
813014(822)
821461(789)
813640(770)
814096(771)
816385(832)
817467(801)
821281(792)
Grade : A
801716(883)
814090(878+ 2)
818049(896)
Grade : A-1
800001 - 855999
GRACE MARKS CASES ARE INDICATED WITH CARET(^) SIGN
2
801027(475)
801121(439+ 1)
801126(464)
801132(457^ 3)
801133(474)
800926(438+ 2)
800929(445)
801021(491)
801024(447)
801025(498)
801134(528)
801135(501)
801136(503)
801182(436+ 4)
801183(465)
801389(471)
801393(437+ 3)
801394(441)
801398(468)
801399(514)
801187(521)
801192(446)
801382(477)
801384(449^ 1)
801388(453)
800915(527)
800917(461)
800918(447)
800920(521)
800921(469)
800706(445)
800708(476)
800709(496)
800710(528)
800711(483)
800712(488)
800713(470)
800716(492)
800717(470)
800718(517)
800901(506)
800904(537)
800907(460^ 3)
800910(450)
800914(454)
800722(503)
800821(483)
800822(484)
800823(484)
800824(516)
801406(488^ 3)
801407(500)
801409(511)
801683(497)
801690(495)
802307(480)
802310(469)
802311(492)
802312(438+ 2)
802313(500)
802095(469)
802096(444)
802098(450)
802100(454)
802304(490)
802314(539)
802316(440)
802317(497)
802318(493)
802320(486)
802084(495)
802085(465)
802087(463)
802089(451)
802091(461)
801704(468)
801705(444)
801709(451)
801724(520^ 2)
801729(435+ 5)
801692(522^ 1)
801696(450)
801700(437+ 3)
801701(465)
801702(494)
801732(458^ 3)
801901(457^ 3)
801903(453)
801909(505)
801921(457)
801945(449^ 1)
802069(519)
802070(539)
802074(471)
802077(479)
801922(484)
801923(468)
801925(485)
801935(463)
801944(448)
800012(532)
800013(452)
800015(466)
800016(466)
800017(505)
800004(464)
800005(504)
800006(462)
800007(488)
800011(497)
800563(489)
800566(473)
800703(502)
800704(444)
800705(472^ 1)
800018(448)
800019(454)
800020(475^ 2)
800124(463^ 1)
800128(484)
800502(455)
800507(448)
800519(462)
800520(450)
800561(528)
800194(509)
800195(494)
800196(503)
800383(473)
800501(468)
800183(522)
800184(475)
800186(530)
800190(485)
800192(486)
Grade : D
818316(562^ 2)
818319(563)
818327(571)
818334(556)
818337(584)
818950(595)
818953(566)
818958(550)
819155(548+ 2)
819413(604)
819524(577^ 2)
819602(572)
819646(613)
819648(593)
819803(577)
817270(638)
817589(582)
817845(551)
818047(584)
818061(549+ 1)
815098(649)
815389(573)
815564(563)
815939(579)
816210(576)
816211(570)
816261(565)
816262(590)
816263(581)
816383(590)
816386(554)
816682(583)
816828(564)
816844(598)
817255(641)
837421(589)
837703(601)
850042(554)
850043(643)
850181(557)
821964(553)
825501(575)
825701(551)
826901(585)
837301(555)
852662(632)
853011(612)
854042(600)
854043(554)
854741(570)
850601(557)
850911(603)
851661(616)
851671(577)
852291(546+ 4)
820358(575)
820372(607)
820393(584)
820606(602)
820609(587)
819814(566)
819853(606)
819854(631)
819857(602)
819883(594)
820637(638)
820847(647)
821724(636)
821933(548+ 2)
821953(595)
820613(562)
820616(591)
820617(557)
820625(555)
820626(595)
3
803896(437+ 3)
803898(438+ 2)
803907(442)
803908(488)
803909(460)
803766(437+ 3)
803767(466)
803888(437+ 3)
803889(460)
803894(506)
803911(473^ 2)
803927(445)
804003(443^ 1)
804004(437+ 3)
804012(435+ 5)
804056(497)
804063(459)
804065(518)
804066(441)
804069(440)
804014(512)
804018(453^ 3)
804034(476)
804052(485)
804055(470)
803747(462)
803750(482)
803752(481)
803755(450)
803756(481)
803705(437+ 3)
803708(503)
803710(465)
803717(521^ 2)
803719(461)
803721(467)
803722(476)
803723(493)
803724(462)
803725(476^ 1)
803740(444)
803741(511)
803742(450)
803743(539)
803745(450)
803730(505)
803733(451)
803735(505)
803738(494)
803739(477^ 2)
804079(460)
804225(470)
804226(462)
804228(494)
804229(456^ 2)
805003(455^ 1)
805004(435+ 5)
805008(485)
805010(467)
805011(469)
804545(504)
804902(482)
804903(436+ 4)
804904(497)
805001(462)
805014(473)
805019(452)
805020(438+ 2)
805021(476^ 2)
805023(468)
804406(485)
804407(468)
804409(457)
804410(503)
804543(521)
804307(451)
804310(502)
804312(513)
804362(442)
804366(458)
804231(465)
804233(502)
804234(529)
804301(478)
804305(463^ 1)
804371(441^ 2)
804374(443)
804378(492)
804380(438+ 2)
804381(491)
804397(445)
804401(487)
804403(454)
804404(456)
804405(534)
804383(447)
804384(494)
804387(446)
804389(451)
804392(450)
802514(515)
802515(527)
802641(482)
802644(489)
802645(468)
802508(443)
802509(489)
802510(486)
802512(492^ 2)
802513(443^ 1)
802649(470)
802655(475)
802762(435+ 5)
802763(457)
802764(514)
802845(490)
802847(513)
802849(452)
802851(493)
802953(494)
802768(480)
802774(523)
802842(478)
802843(488)
802844(463)
802488(461)
802494(467)
802498(464^ 1)
802500(437+ 3)
802504(454)
802321(466)
802322(533)
802323(473)
802327(480)
802328(483)
803630(509)
803631(482)
803701(440)
803702(482)
803703(457)
802330(454)
802331(461)
802332(479^ 1)
802333(499)
802335(478)
802483(451)
802484(476)
802485(466^ 2)
802486(487)
802487(456)
802339(439+ 1)
802340(473)
802344(459^ 3)
802345(461)
802482(509)
802963(496)
802967(452^ 2)
802973(451)
802977(493)
802978(466)
803425(457)
803426(481)
803465(452)
803468(514)
803472(455^ 1)
803412(497)
803413(528)
803419(449)
803420(495)
803423(453)
803473(488)
803474(447)
803477(455)
803484(494)
803487(476)
803615(539)
803617(493)
803618(487)
803624(450)
803628(468)
803604(487)
803605(440)
803609(436+ 4)
803612(435+ 5)
803614(528)
803401(452)
803402(490)
803403(436+ 4)
803407(447)
803409(468)
803202(482)
803203(493)
803204(447)
803209(474)
803210(522)
802981(457)
802983(448)
802984(446)
803101(529)
803103(547^ 2)
803211(436+ 4)
803303(533)
803306(457)
803308(461)
803309(466)
803316(444)
803319(477)
803320(470)
803322(477)
803323(478)
803310(525)
803312(530)
803313(531)
803314(463)
803315(470)
4
809652(533)
809657(441)
809663(449)
809664(513)
809905(456^ 3)
809621(462^ 1)
809624(512^ 1)
809636(446)
809647(455)
809649(537)
809908(519)
809914(462)
810144(503)
810315(526)
810316(443)
811004(440^ 1)
811010(468)
811016(515)
811018(445)
811024(473)
810496(521)
810498(537)
810517(519)
810518(464^ 1)
811001(456)
809464(485)
809468(514)
809610(496)
809611(464)
809620(471)
808084(504)
808321(448^ 3)
808325(451)
808381(528)
808383(436+ 4)
808384(449)
808386(479)
808387(439+ 1)
808389(485)
808390(479)
808924(468^ 3)
808926(500)
809010(520^ 2)
809014(516)
809461(518)
808393(495)
808551(522)
808557(439+ 1)
808666(443)
808881(486)
811026(439+ 1)
811027(544)
811029(468)
811036(494)
811039(492^ 1)
812586(528)
812588(455)
812590(458)
812592(498)
812593(499)
812578(502)
812579(457)
812581(516^ 1)
812584(469)
812585(487)
812594(492)
812598(441)
812601(509)
812602(488)
812603(447)
812570(495)
812571(477)
812573(447^ 1)
812574(462)
812576(454^ 2)
811506(468)
811511(493)
811517(460)
811520(458)
811528(440)
811040(490)
811052(464)
811424(522)
811426(463)
811505(444^ 1)
811539(436+ 4)
811542(480)
811547(479)
811552(461)
811881(514)
811909(506)
811911(484)
811912(465)
812501(479^ 3)
812568(438+ 2)
811883(503)
811884(458)
811891(478)
811893(447^ 3)
811902(443)
805265(510)
805272(441)
805276(493)
805277(484)
805280(441)
805254(485)
805256(447)
805258(461)
805259(511)
805260(466)
805288(499)
805289(476)
805291(505)
805294(440^ 2)
805523(489)
806025(481)
806027(516)
806028(453)
806342(437+ 3)
806345(506)
805524(460)
806003(491)
806007(460)
806016(531)
806020(500)
805243(437+ 3)
805246(491)
805249(464)
805250(520)
805252(466)
805027(470)
805031(488)
805034(477)
805035(535)
805036(481)
808066(493)
808067(493)
808072(443)
808079(477)
808083(517)
805037(482)
805038(472)
805039(466)
805046(494)
805049(486)
805067(471)
805072(442^ 2)
805073(520)
805241(448^ 2)
805242(517)
805051(471)
805057(449^ 2)
805060(440^ 1)
805062(484)
805066(462)
806705(441)
806708(457)
806709(533)
806710(521)
806711(497)
807613(527)
807614(537)
807661(449)
807672(449)
807680(495)
807439(440)
807601(487)
807603(524)
807606(529)
807611(494)
807682(472)
807683(438+ 2)
807684(455)
807694(509)
807696(527)
807962(515)
807964(479)
808062(500)
808064(441)
808065(487)
807698(517)
807699(445)
807709(449^ 3)
807848(454)
807852(444)
807069(532)
807071(494)
807427(541)
807432(517)
807437(462)
806825(520)
807003(473)
807014(480)
807017(532)
807020(466)
806712(484)
806716(470^ 1)
806720(452)
806721(489)
806723(509)
807025(512)
807026(507)
807032(484)
807033(440)
807039(442)
807062(477)
807063(542)
807064(527)
807065(488)
807067(446)
807049(486)
807050(479)
807051(448^ 2)
807053(471)
807059(460)
5
817254(473)
817256(439+ 1)
817258(541)
817263(450)
817265(444)
816856(475)
816857(511)
816861(480)
817243(448)
817251(479)
817269(478)
817279(500)
817282(537)
817287(491)
817464(441^ 2)
817561(535)
817566(470)
817567(445)
817568(488)
817569(531)
817470(447^ 1)
817471(471)
817476(508)
817481(453)
817484(514^ 3)
816822(477)
816827(453)
816843(485)
816846(448)
816852(491)
816673(485)
816675(467)
816676(534)
816677(524^ 1)
816680(464)
816681(470)
816761(490)
816763(533)
816764(457)
816766(486)
816801(457)
816807(540)
816811(461)
816813(441)
816816(439+ 1)
816767(492)
816768(438+ 2)
816769(479)
816771(487)
816776(458)
817572(442)
817573(451)
817577(482)
817582(485)
817583(458)
818323(474)
818324(523)
818328(544)
818331(504)
818336(465)
818312(487)
818315(487)
818320(505)
818321(452^ 1)
818322(499)
818338(465)
818339(497)
818340(478)
818342(538)
818344(490)
818064(543)
818303(462)
818304(456)
818308(500)
818309(488)
817593(478)
817594(473)
817595(525)
817598(493^ 2)
817599(439+ 1)
817584(511)
817585(442)
817588(460)
817590(436+ 4)
817591(461)
817842(448)
817844(438+ 2)
817846(515)
817847(518)
817850(460)
818046(493)
818048(507)
818051(476^ 1)
818052(501)
818063(436+ 4)
817943(478)
817944(460)
818041(455)
818044(443)
818045(496)
813627(439+ 1)
813628(468)
813634(508)
813635(456^ 1)
813636(451^ 1)
813409(464)
813415(516^ 3)
813419(447)
813436(511)
813438(507)
813637(450^ 2)
813645(500)
813648(454)
813651(490)
813842(459)
813870(459)
813875(496^ 2)
814099(449)
814104(526)
814106(521)
813855(438+ 2)
813856(475)
813857(459)
813862(463)
813863(481)
813037(488)
813039(510^ 3)
813042(513)
813045(529)
813053(535)
812609(441^ 1)
812611(441)
812612(466)
812614(486^ 1)
812617(460)
816666(469)
816667(458)
816668(482)
816669(477)
816670(513)
812621(437+ 3)
812927(527)
813005(498)
813006(450)
813007(528)
813018(485)
813019(494)
813024(475)
813028(484)
813035(446)
813008(466)
813010(493)
813013(472)
813015(521)
813017(478)
814107(457)
814109(532)
814113(445^ 2)
814115(441)
814116(471^ 3)
815949(440)
815950(480^ 2)
816201(460)
816202(440)
816204(439+ 1)
815913(466^ 1)
815914(468)
815916(454^ 2)
815936(492^ 2)
815946(522^ 1)
816208(487)
816212(495)
816213(512)
816214(509)
816217(504)
816602(466)
816604(501)
816606(506)
816661(536)
816662(467^ 1)
816218(444^ 2)
816366(447)
816377(462)
816395(487)
816397(442)
815904(470^ 1)
815907(475^ 3)
815909(499)
815910(479^ 3)
815911(485)
814912(456)
814915(511)
815001(504^ 1)
815084(477)
815085(457)
814124(470)
814126(479)
814802(507)
814805(478)
814806(483)
815109(468^ 2)
815387(485)
815542(447)
815544(438+ 2)
815551(496^ 2)
815894(460)
815897(481)
815898(450)
815899(496)
815902(488^ 3)
815556(483)
815568(460)
815569(519)
815814(497)
815818(478)
6
801385(433)
801390(424)
801391(433)
801396(387^ 3)
801402(432)
801685(424^ 1)
801687(425^ 3)
801698(430^ 3)
801706(409^ 2)
801708(432)
801727(406)
801728(387^ 2)
801733(418^ 2)
801911(411)
801924(410^ 5)
801122(426)
801123(430)
801127(429)
801184(430)
801301(425)
800003(415^ 1)
800191(411)
800503(409^ 1)
800504(419)
800505(400)
800513(412^ 1)
800516(409)
800518(414)
800521(396)
800720(433^ 1)
800902(430^ 1)
800912(429)
800913(436^ 2)
800924(427)
801026(419)
802337(439^ 3)
802341(435^ 2)
802343(409)
802441(395^ 2)
802493(427)
801931(429)
802061(431)
802075(385^ 3)
802080(403)
802086(426)
802094(392)
802099(423^ 2)
802301(424^ 1)
802302(424)
802303(429)
802315(391^ 3)
802324(387)
802326(433)
802329(417)
802334(410)
Grade : E
838542(541)
850041(534)
850183(539)
850185(472)
850420(534)
850422(514)
850602(445)
850732(464)
850771(461)
850912(443^ 1)
828302(442)
828941(503)
829121(446)
831611(452)
831911(537)
834861(442^ 3)
835971(479)
837503(517)
837701(454^ 3)
838541(491^ 2)
853142(454)
853182(463)
853184(501^ 3)
853271(471)
853392(472^ 2)
854681(464^ 2)
851502(535^ 3)
851676(449)
851751(469)
852052(479)
852572(441)
852663(488)
852711(497)
852981(485)
853051(435+ 5)
853141(475)
825001(479)
825901(476)
826701(452)
827281(487)
827821(480)
819820(462)
819827(464)
819830(453)
819831(444)
819835(446^ 3)
819806(543)
819812(455^ 1)
819815(451)
819817(510)
819818(486^ 1)
819836(489)
819840(447)
819848(480)
819851(538)
819858(440)
819882(489^ 2)
819884(460)
819891(522)
820352(476)
820354(464)
819865(485)
819870(472)
819874(537)
819880(477)
819881(505)
819603(505)
819642(529)
819643(511)
819802(499)
819805(461^ 5)
818740(468)
818752(439+ 1)
818754(454)
818759(451)
818769(447)
818721(528)
818730(453^ 1)
818731(449)
818734(458)
818736(447)
818775(456)
818778(438+ 2)
818941(511)
818945(440^ 2)
818959(481)
819411(499)
819418(436+ 4)
819521(521)
819522(515)
819523(539)
818960(510^ 1)
818962(478)
818963(489)
819151(446)
819153(510^ 2)
821937(507)
821944(464^ 3)
821945(525)
821950(454^ 1)
821951(500)
821931(517)
821932(507^ 2)
821934(488)
821935(505)
821936(458)
821954(448^ 1)
821958(451)
821960(542)
821965(527)
821966(502)
821977(487)
822401(474)
822403(443)
822404(513)
822564(530)
821967(474)
821968(460)
821972(435+ 5)
821974(445^ 1)
821976(471)
821922(474)
821923(462^ 1)
821924(449)
821925(480^ 2)
821930(501)
820390(505)
820392(463)
820394(452^ 3)
820601(454)
820604(444)
820356(527)
820357(542)
820371(500)
820374(480)
820376(456)
820607(499)
820610(456)
820611(491)
820614(464^ 3)
820623(440)
821601(442^ 3)
821712(440)
821721(493)
821731(474)
821921(534)
820624(444)
820634(451^ 3)
820841(527)
820843(435+ 5)
820857(479^ 2)
7
808061(394)
808087(404^ 1)
808326(422^ 1)
808543(417)
808927(411^ 1)
807688(426^ 1)
807703(398)
807704(428^ 3)
807846(425)
807858(427^ 1)
809623(392)
810312(412)
810318(426^ 2)
810319(427^ 3)
810320(406)
811020(404)
811053(404)
811427(434)
811501(398^ 3)
811515(431)
810519(431^ 2)
810861(433)
811003(416)
811014(403^ 3)
811015(425)
807075(416^ 1)
807431(434^ 3)
807615(434)
807675(426)
807679(415^ 1)
805063(421^ 1)
805068(430)
805245(409^ 3)
805247(395^ 3)
805255(433)
805526(415)
806031(418^ 2)
806601(414)
806603(436^ 3)
806722(414^ 2)
807037(407)
807055(427)
807070(410)
807072(422^ 2)
807074(423)
807004(394)
807010(408)
807016(398^ 3)
807018(427^ 1)
807030(435^ 1)
811524(417^ 4)
811525(416^ 1)
811526(407^ 2)
811545(413)
811551(428^ 3)
815121(433)
815127(428)
815548(437^ 3)
815805(399)
815889(400)
814911(426^ 2)
815004(428^ 1)
815007(434)
815089(426)
815119(411^ 2)
815890(431)
815892(397^ 5)
815901(425)
815915(434)
815919(390^ 3)
813868(384)
813869(421^ 1)
814083(429^ 3)
814905(416^ 2)
814908(403^ 2)
812569(416)
812582(382)
812589(405)
812600(374^ 4)
812610(423^ 3)
811896(418^ 2)
811898(430^ 3)
811900(411^ 1)
811906(433^ 3)
812566(433)
812613(404)
812616(389)
812624(390)
813025(401)
813047(407)
813631(429)
813850(411^ 2)
813853(432^ 1)
813859(427^ 3)
813860(423)
813427(408^ 2)
813432(413^ 2)
813622(432^ 2)
813625(423^ 3)
813626(403^ 1)
803621(404^ 1)
803622(397^ 2)
803626(425^ 1)
803627(430^ 2)
803629(407)
803602(413)
803608(419)
803613(394)
803619(414^ 3)
803620(416)
803704(421)
803709(421)
803715(427)
803716(399)
803720(426^ 2)
803758(429)
803760(439^ 2)
803763(414^ 3)
803765(399)
803883(397)
803726(405)
803727(430)
803731(420)
803753(407^ 3)
803757(388)
803475(436^ 1)
803476(423)
803478(422^ 1)
803483(412^ 1)
803601(418)
802501(439^ 3)
802506(387^ 1)
802516(402^ 3)
802647(414^ 2)
802650(438^ 3)
805015(433)
805022(418)
805048(399)
805052(419)
805058(432)
802761(392)
802773(419)
802846(402)
802848(382^ 3)
802955(433^ 1)
803405(420)
803416(415)
803421(420^ 1)
803428(418^ 2)
803463(406)
802959(431)
802976(432^ 2)
803301(422)
803304(404)
803404(427^ 2)
803886(431)
803887(434)
803890(428)
803891(434)
803895(405)
804364(423)
804365(428)
804367(400^ 3)
804369(396)
804376(437^ 2)
804078(399)
804081(416^ 3)
804082(399)
804306(409^ 2)
804363(426^ 1)
804388(399^ 1)
804390(386^ 5)
804391(389^ 4)
804393(402^ 2)
804394(376^ 5)
804413(431)
804415(434)
804416(428)
804901(419)
805013(403^ 2)
804398(424)
804399(414)
804400(437^ 1)
804408(435^ 2)
804411(431)
804070(423)
804074(420)
804075(407)
804076(389)
804077(430)
803918(395^ 1)
803919(413)
803921(401^ 3)
803922(424^ 1)
803924(421)
803900(402)
803902(407^ 3)
803904(419)
803905(420)
803915(421)
803925(430)
803928(436^ 3)
804001(417)
804008(403)
804013(429)
804040(432)
804049(392)
804050(412^ 1)
804054(410)
804061(404)
804016(430)
804022(418)
804026(396)
804030(431)
804031(421)
8
819841(412^ 3)
819843(415^ 2)
819846(430^ 2)
819847(432)
819859(421^ 1)
819879(431)
819890(423^ 3)
820349(429)
820353(412)
820370(405^ 3)
818325(433)
818728(380^ 4)
818747(413)
818749(426)
818773(395^ 4)
818776(431)
818777(405)
819406(435^ 3)
819821(422^ 2)
819832(431^ 2)
820373(399^ 2)
820383(417)
820602(432)
820603(406^ 2)
820627(398^ 4)
821961(387^ 1)
821971(422^ 1)
826741(373^ 3)
827201(431)
828061(415)
833921(419)
834321(391)
835181(411)
838642(393)
850411(415^ 1)
820638(387)
820842(398)
820845(434)
821703(430)
821714(404^ 3)
821722(427)
821730(420)
821940(426)
821946(434^ 2)
821949(428)
852522(433)
816375(412)
816378(414)
816380(408)
816387(421)
816388(418)
816601(409^ 1)
816608(402^ 1)
816664(434^ 3)
816665(428)
816671(399^ 5)
817843(425)
817852(421)
818301(421)
818311(419)
818313(421)
816203(407^ 1)
816207(427^ 3)
816215(439^ 3)
816216(424)
816369(416)
816674(407^ 3)
816778(416)
816802(411)
816803(430)
816810(389^ 4)
817289(422)
817465(434)
817485(437^ 3)
817486(432^ 2)
817562(392^ 2)
817564(417^ 3)
817575(425^ 1)
817578(430)
817596(434)
817600(379)
816815(403^ 2)
816820(439^ 2)
816832(389)
816833(412)
816847(429)
816851(415^ 6)
817261(430)
817267(433)
817274(421)
817277(383^ 3)
.
