Commerce 
                  Private Part I
URL: https://www.biek.edu.pk/Result-2022/Part-I/CMP/RESULT-GAZETTE-CMP-PART-I-ANNUAL-2022-FINAL.pdf
Source: https://www.biek.edu.pk/LastResults.asp

1
CANDIDATES BEARING THE FOLLOWING ROLL NUMBERS ARE DECLARED TO HAVE
PASSED THE INTERMEDIATE COMMERCE (PRIVATE) GROUP PART - I (CLASS XI)
ANNUAL EXAMINATION 2022.
500508(278)
500509(343)
500510(359)
500512(327)
500513(292)
500193(317)
500198(348)
500202(304)
500504(395)
500506(287)
500516(291)
500517(308)
500523(332)
500524(369)
500527(341)
500546(240)
500547(323)
500551(245)
500552(293)
500554(267)
500531(251)
500532(283)
500542(407)
500543(342)
500544(275)
500184(304)
500186(329)
500189(353)
500190(356)
500191(310)
500156(330)
500158(337)
500159(388)
500160(348)
500161(329)
500162(389)
500163(361)
500165(321)
500169(312)
500170(390)
500176(332)
500178(344)
500179(319)
500182(361)
500183(345)
500171(342)
500172(355)
500173(361)
500174(410)
500175(350)
500555(287)
500559(332)
500560(375)
500561(310)
500562(262)
500576(246)
500580(310)
500583(296)
500586(360)
500588(334)
500566(366)
500567(297)
500570(314)
500571(247)
500574(285)
500589(279)
500590(319)
500592(377)
500593(337)
500594(244)
500599(361)
500601(372)
500602(313)
500604(330)
500605(292)
500048(275)
500049(291)
500050(286)
500051(284)
500053(293)
500040(321)
500042(287)
500044(294)
500045(327)
500047(328)
500055(289)
500056(306)
500059(277)
500061(277)
500062(314)
500076(389)
500077(334)
500080(303)
500081(282)
500082(281)
500063(299)
500064(356)
500067(285)
500074(281)
500075(353)
500031(364)
500033(360)
500035(339)
500036(287)
500038(321)
500001(372)
500003(339)
500005(318)
500008(309)
500009(303)
500151(311)
500152(334)
500153(335)
500154(325)
500155(315)
500013(312)
500014(281)
500015(327)
500017(262)
500018(281)
500026(401)
500027(321)
500028(273)
500029(296)
500030(295)
500019(273)
500020(338)
500021(290)
500022(294)
500023(294)
500128(307)
500129(311)
500130(277)
500131(329)
500132(317)
500123(341)
500124(303)
500125(400)
500126(319)
500127(300)
500133(331)
500134(278)
500135(313)
500136(357)
500137(374)
500145(354)
500147(345)
500148(332)
500149(279)
500150(295)
500138(322)
500139(321)
500140(319)
500142(302)
500144(310)
500117(360)
500118(296)
500119(344)
500120(337)
500122(329)
500089(308)
500091(282)
500092(312)
500094(309)
500095(350)
500083(387)
500084(308)
500085(300)
500086(313)
500088(333)
500097(271)
500098(286)
500099(300)
500101(330)
500102(339)
500112(312)
500113(366)
500114(376)
500115(286)
500116(318)
500103(319)
500104(315)
500106(310)
500109(326)
500111(327)
7 Papers
500001 - 510999
2
501561(313)
501562(306)
501563(296)
501567(277)
501571(262)
501550(273)
501554(230)
501556(250)
501558(276)
501559(230)
501578(255)
501580(229)
501581(307)
501586(293)
501908(277)
501924(245)
501928(306)
501934(274)
501935(289)
501944(334)
501909(295)
501913(273)
501917(340)
501918(313)
501921(230)
501530(363)
501534(294)
501537(312)
501538(318)
501544(244)
501499(340)
501501(411)
501502(325)
501503(385)
501504(331)
501505(336)
501506(354)
501507(355)
501508(349)
501509(308)
501522(270)
501524(347)
501525(280)
501526(372)
501529(319)
501510(307)
501513(291)
501514(307)
501515(304)
501521(332)
501945(253)
501946(249)
501949(255)
501955(288)
501959(266)
502522(336)
502523(272)
502528(299)
502530(384)
502533(365)
502510(336)
502512(278)
502514(311)
502518(280)
502519(285)
502534(252)
502535(286)
502536(286)
502537(337)
502538(297)
502280(295)
502285(289)
502286(343)
502287(310)
502509(287)
501990(346)
501995(316)
502007(319)
502008(296)
502009(272)
501973(356)
501974(347)
501976(271)
501982(393)
501989(325)
502011(302)
502014(260)
502015(256)
502017(286)
502020(292)
502249(341)
502257(329)
502258(313)
502264(276)
502265(251)
502021(278)
502210(304)
502213(292)
502224(293)
502235(242)
501033(276)
501035(295)
501037(321)
501039(270)
501040(332)
501018(297)
501019(258)
501024(241)
501029(335)
501032(350)
501043(278)
501045(333)
501046(314)
501047(301)
501048(275)
501070(302)
501071(283)
501073(312)
501075(308)
501078(300)
501049(309)
501050(280)
501051(315)
501061(324)
501068(320)
501011(262)
501012(284)
501013(344)
501014(315)
501017(343)
500606(295)
500607(297)
500609(317)
500610(282)
500612(292)
501494(319)
501495(320)
501496(303)
501497(328)
501498(338)
500613(273)
500619(283)
500620(304)
500623(244)
500625(378)
500631(248)
501002(325)
501005(281)
501008(390)
501010(302)
500626(289)
500627(328)
500628(315)
500629(325)
500630(299)
501080(315)
501084(285)
501087(268)
501090(275)
501094(296)
501464(393)
501465(326)
501466(292)
501468(302)
501469(270)
501450(311)
501451(289)
501457(274)
501459(250)
501463(318)
501471(252)
501473(295)
501475(249)
501477(348)
501478(417)
501489(342)
501490(298)
501491(319)
501492(358)
501493(306)
501481(324)
501485(316)
501486(274)
501487(333)
501488(295)
501439(312)
501441(301)
501444(285)
501446(335)
501447(320)
501410(277)
501413(350)
501414(345)
501415(335)
501416(332)
501401(289)
501402(328)
501404(338)
501407(264)
501408(276)
501417(303)
501418(359)
501420(305)
501421(263)
501422(297)
501429(254)
501431(314)
501432(309)
501434(293)
501435(314)
501423(274)
501424(300)
501425(329)
501426(285)
501428(267)
3
503613(292)
503614(260)
503615(359)
503616(339)
503617(294)
503603(364)
503604(224)
503606(340)
503607(298)
503608(296)
503618(343)
503619(260)
503622(346)
503623(238)
503625(261)
503640(367)
503643(345)
504003(367)
504004(310)
504006(302)
503630(304)
503632(316)
503633(291)
503636(245)
503638(330)
503598(327)
503599(314)
503600(292)
503601(333)
503602(359)
503569(352)
503572(313)
503573(378)
503574(302)
503575(317)
503576(289)
503577(415)
503578(322)
503580(386)
503581(357)
503588(319)
503592(340)
503593(328)
503596(282)
503597(310)
503582(289)
503583(332)
503584(293)
503586(255)
503587(363)
504007(248)
504014(343)
504015(427)
504016(282)
504017(313)
504235(337)
504239(299)
504240(390)
504241(343)
504242(272)
504226(270)
504227(391)
504228(255)
504229(294)
504233(309)
504244(263)
504249(254)
504250(291)
504253(421)
504261(322)
504220(293)
504221(337)
504222(379)
504224(332)
504225(282)
504032(267)
504034(282)
504035(251)
504036(253)
504038(293)
504018(321)
504020(281)
504025(301)
504027(324)
504030(375)
504039(325)
504042(323)
504043(343)
504203(269)
504204(246)
504211(294)
504214(286)
504215(267)
504216(350)
504219(241)
504205(353)
504206(344)
504207(257)
504209(279)
504210(371)
502971(302)
502978(423)
502979(348)
502981(257)
502983(300)
502957(308)
502960(360)
502961(278)
502967(249)
502968(257)
502984(229)
502986(326)
502987(265)
502988(283)
502989(302)
503001(273)
503005(301)
503006(348)
503007(296)
503407(348)
502993(322)
502994(261)
502995(333)
502997(420)
502998(376)
502929(302)
502931(315)
502940(291)
502945(282)
502953(351)
502539(282)
502712(356)
502713(321)
502725(286)
502902(281)
503564(367)
503565(353)
503566(343)
503567(373)
503568(367)
502905(289)
502906(285)
502907(368)
502909(332)
502910(279)
502921(287)
502923(286)
502925(262)
502926(303)
502928(339)
502911(280)
502912(318)
502913(252)
502914(272)
502919(304)
503411(282)
503412(353)
503413(269)
503418(248)
503419(320)
503531(330)
503532(304)
503533(305)
503534(281)
503536(354)
503525(260)
503526(305)
503528(299)
503529(354)
503530(344)
503537(308)
503538(333)
503539(306)
503543(278)
503544(355)
503558(357)
503559(299)
503561(377)
503562(322)
503563(331)
503547(337)
503548(328)
503550(362)
503551(369)
503556(334)
503513(344)
503521(288)
503522(299)
503523(317)
503524(325)
503435(280)
503438(249)
503439(282)
503440(270)
503445(308)
503422(282)
503426(294)
503427(346)
503429(280)
503433(245)
503448(307)
503451(285)
503465(285)
503470(287)
503474(299)
503503(310)
503505(275)
503506(286)
503509(332)
503512(260)
503480(306)
503485(277)
503487(315)
503491(266)
503500(344)
4
507846(248)
507848(344)
507852(338)
507857(321)
507859(284)
507820(315)
507821(273)
507822(389)
507826(294)
507838(351)
507870(308)
508101(301)
508104(360)
508105(323)
508110(326)
508118(298)
508119(305)
508120(342)
508124(248)
508128(275)
508113(296)
508114(348)
508115(269)
508116(336)
508117(296)
507812(335)
507813(237)
507814(313)
507818(357)
507819(278)
507619(365)
507621(373)
507622(351)
507623(312)
507624(280)
507627(344)
507639(299)
507643(279)
507644(300)
507645(306)
507654(357)
507657(340)
507658(337)
507808(247)
507811(394)
507646(301)
507647(358)
507648(423)
507650(361)
507651(278)
508132(295)
508133(329)
508134(353)
508135(320)
508136(444)
508622(289)
508623(399)
508624(483)
508626(374)
508802(314)
508611(274)
508612(328)
508613(430)
508615(273)
508616(366)
508803(237)
508805(373)
509004(308)
509005(316)
509006(289)
508442(313)
508443(302)
508446(303)
508602(308)
508610(367)
508151(370)
508153(265)
508156(314)
508157(405)
508159(342)
508138(334)
508140(288)
508144(369)
508149(241)
508150(396)
508160(368)
508163(244)
508165(309)
508167(251)
508402(367)
508413(335)
508415(259)
508416(269)
508423(430)
508428(339)
508406(313)
508407(257)
508408(334)
508411(352)
508412(294)
504521(313)
504523(320)
504524(261)
504526(338)
504527(347)
504516(278)
504517(333)
504518(370)
504519(328)
504520(280)
504530(381)
504531(303)
504533(289)
504534(369)
504535(356)
504548(298)
504549(278)
504550(304)
504551(294)
504553(428)
504542(259)
504543(336)
504545(356)
504546(371)
504547(321)
504508(346)
504509(333)
504512(316)
504513(386)
504515(343)
504263(314)
504267(306)
504268(305)
504269(314)
504271(262)
507605(308)
507614(270)
507615(375)
507617(343)
507618(296)
504272(345)
504273(339)
504276(388)
504277(385)
504279(284)
504300(270)
504504(325)
504505(382)
504506(269)
504507(396)
504280(329)
504281(309)
504288(348)
504294(349)
504299(389)
504557(357)
504558(337)
504706(263)
504709(328)
504718(255)
507311(271)
507312(318)
507314(284)
507316(251)
507319(298)
507097(296)
507100(373)
507101(297)
507114(284)
507304(374)
507320(339)
507322(368)
507325(360)
507330(381)
507333(338)
507348(316)
507351(318)
507601(323)
507602(272)
507604(400)
507334(286)
507336(269)
507337(252)
507338(313)
507342(280)
507082(330)
507083(411)
507084(330)
507090(249)
507096(279)
505209(355)
507005(312)
507006(282)
507010(367)
507012(421)
504739(359)
504744(227)
504765(304)
504776(256)
505203(331)
507018(296)
507020(357)
507024(346)
507035(334)
507039(283)
507061(259)
507062(373)
507065(291)
507079(297)
507080(291)
507041(338)
507047(339)
507049(268)
507050(289)
507055(333)
5
500168(242)
500180(274)
500195(257)
500196(357)
500200(241)
500107(292)
500146(284)
500157(297)
500164(248)
500167(275)
500201(263)
500203(240)
500204(200)
500501(210)
500502(215)
500535(218)
500540(283)
500545(203)
500556(280)
500557(272)
500507(281)
500518(198)
500520(222)
500528(259)
500530(247)
500032(267)
500034(268)
500037(284)
500039(265)
500041(306)
500002(282)
500004(239)
500010(265)
500012(241)
500024(242)
500043(247)
500046(262)
500052(223)
500054(298)
500057(297)
500078(254)
500079(271)
500090(295)
500096(273)
500100(245)
500058(295)
500060(243)
500065(247)
500068(209)
500071(274)
500575(227)
500577(243)
500579(235)
500581(236)
500582(259)
501064(251)
501065(280)
501066(234)
501074(289)
501076(247)
501044(285)
501054(244)
501055(212)
501056(193)
501063(291)
500597(270)
500603(212)
500608(240)
500614(294)
500615(283)
500584(266)
500587(269)
500591(253)
500595(277)
500596(287)
500621(223)
501001(196)
501004(191)
501009(211)
501015(196)
501034(267)
501036(243)
501038(266)
501041(227)
501042(237)
501020(183)
501026(256)
501027(224)
501028(202)
501030(206)
6 Papers
510441(283)
510453(244)
510456(292)
***********
510428(352)
510433(302)
510434(311)
510439(398)
510440(291)
509237(294)
509240(360)
509245(289)
509251(356)
509252(301)
509222(275)
509224(283)
509227(242)
509231(286)
509236(287)
509258(310)
509260(263)
509261(261)
509262(309)
509265(276)
509293(393)
509294(320)
509302(235)
509304(283)
509311(303)
509266(294)
509272(343)
509281(250)
509283(253)
509286(260)
509211(248)
509212(282)
509214(376)
509217(306)
509221(280)
509018(371)
509019(323)
509023(249)
509029(409)
509035(318)
509009(279)
509011(320)
509014(295)
509016(320)
509017(455)
509037(366)
509040(332)
509042(297)
509045(304)
509046(275)
509060(325)
509206(289)
509207(348)
509208(388)
509209(346)
509048(292)
509049(303)
509052(314)
509055(281)
509056(271)
510223(394)
510225(292)
510228(395)
510231(271)
510233(273)
510204(350)
510205(313)
510207(403)
510210(322)
510212(354)
510235(283)
510236(283)
510401(299)
510402(311)
510403(454)
510422(251)
510423(267)
510425(337)
510426(327)
510427(320)
510406(294)
510411(402)
510412(356)
510413(278)
510417(386)
509914(320)
509918(357)
509923(315)
509926(279)
509928(288)
509320(303)
509321(346)
509324(316)
509332(276)
509334(367)
509314(352)
509315(291)
509316(290)
509317(295)
509318(338)
509339(327)
509340(390)
509341(262)
509701(342)
509702(322)
509721(271)
509724(297)
509902(427)
509903(255)
509904(378)
509703(308)
509705(355)
509708(291)
509710(279)
509717(303)
6
502985(254)
502990(269)
502991(237)
502992(318)
502996(267)
502963(237)
502965(244)
502970(274)
502973(235)
502976(346)
503000(225)
503002(270)
503003(221)
503009(217)
503402(219)
503425(228)
503431(247)
503432(236)
503434(224)
503436(235)
503405(243)
503408(225)
503415(231)
503423(249)
503424(207)
502944(243)
502948(264)
502954(234)
502959(216)
502962(258)
502506(260)
502507(219)
502513(216)
502516(233)
502521(305)
502527(245)
502531(234)
502711(269)
502721(196)
502901(230)
502930(235)
502934(249)
502936(213)
502939(228)
502941(213)
502903(235)
502916(210)
502917(230)
502918(245)
502920(259)
503443(290)
503458(251)
503459(248)
503460(205)
503461(219)
503609(249)
503610(243)
503611(204)
503620(253)
503621(260)
503579(247)
503585(237)
503589(286)
503590(259)
503595(348)
503624(223)
503629(245)
503637(245)
503639(317)
503641(262)
503553(280)
503554(279)
503557(275)
503570(270)
503571(189)
503490(244)
503492(250)
503493(223)
503494(226)
503495(227)
503467(213)
503471(204)
503482(253)
503484(260)
503486(229)
503496(241)
503497(252)
503498(221)
503499(225)
503501(266)
503520(263)
503542(197)
503545(270)
503549(235)
503552(235)
503502(246)
503510(272)
503515(222)
503516(263)
503517(260)
501462(243)
501467(257)
501472(232)
501474(244)
501480(217)
501453(222)
501454(238)
501455(246)
501456(226)
501458(228)
501482(244)
501483(264)
501500(257)
501511(211)
501517(323)
501536(242)
501540(230)
501541(223)
501543(216)
501546(187)
501518(261)
501519(284)
501520(256)
501523(297)
501527(291)
501440(216)
501442(303)
501443(249)
501448(235)
501449(266)
501077(237)
501079(282)
501082(270)
501083(250)
501086(289)
502276(199)
502297(215)
502501(249)
502502(224)
502504(237)
501088(228)
501089(295)
501091(218)
501092(248)
501093(260)
501411(250)
501430(213)
501436(224)
501437(244)
501438(209)
501095(228)
501403(230)
501405(213)
501406(242)
501409(196)
501548(220)
501549(233)
501553(230)
501560(237)
501568(205)
501972(249)
501977(238)
501978(216)
501984(255)
501985(221)
501964(216)
501965(203)
501967(201)
501970(210)
501971(218)
501993(277)
501997(212)
501998(227)
501999(251)
502001(241)
502201(211)
502207(223)
502209(227)
502215(254)
502232(189)
502003(269)
502004(283)
502005(271)
502006(293)
502013(223)
501957(227)
501958(198)
501960(233)
501961(191)
501962(210)
501903(284)
501905(220)
501907(309)
501910(250)
501914(282)
501569(202)
501572(194)
501575(250)
501589(253)
501902(249)
501915(283)
501919(263)
501922(279)
501927(321)
501931(258)
501942(260)
501948(218)
501952(218)
501953(202)
501956(192)
501933(257)
501936(252)
501937(232)
501938(297)
501940(270)
7
508147(292)
508154(232)
508158(210)
508161(211)
508404(268)
508122(241)
508129(210)
508131(271)
508142(211)
508146(294)
508405(310)
508419(221)
508429(297)
508432(253)
508434(199)
508601(263)
508603(260)
508608(286)
508620(224)
508621(215)
508436(263)
508437(231)
508439(243)
508444(271)
508447(273)
507869(233)
507873(263)
508102(261)
508103(222)
508106(219)
507656(255)
507659(322)
507660(317)
507661(317)
507662(249)
507663(268)
507804(183)
507810(250)
507815(265)
507817(229)
507845(190)
507847(234)
507853(201)
507860(211)
507863(217)
507823(209)
507827(279)
507830(199)
507831(306)
507843(227)
508801(262)
508808(210)
509003(261)
509007(268)
509012(202)
509704(199)
509707(227)
509720(225)
509901(192)
509908(241)
509313(232)
509323(244)
509326(222)
509333(276)
509343(217)
509909(235)
509915(210)
509916(195)
509917(241)
509919(225)
509291(223)
509299(252)
509306(215)
509310(248)
509312(221)
509050(212)
509053(280)
509058(239)
509205(239)
509210(271)
509013(223)
509015(268)
509021(221)
509032(305)
509038(252)
509213(288)
509220(191)
509239(227)
509241(208)
509243(219)
509276(231)
509279(258)
509282(217)
509285(240)
509288(200)
509254(223)
509255(203)
509256(232)
509257(272)
509270(233)
504297(260)
504298(258)
504301(229)
504501(249)
504510(264)
504284(244)
504285(238)
504286(232)
504290(269)
504296(275)
504511(246)
504522(270)
504525(304)
504541(200)
504544(253)
504705(236)
504710(206)
504728(178)
504731(219)
504737(204)
504552(242)
504554(235)
504556(218)
504703(243)
504704(254)
504247(250)
504264(301)
504265(250)
504270(180)
504283(262)
503642(274)
503903(221)
504002(298)
504021(266)
504022(231)
507630(275)
507635(223)
507638(198)
507652(256)
507653(278)
504023(271)
504026(250)
504029(210)
504033(250)
504037(238)
504232(250)
504236(198)
504238(273)
504245(270)
504246(246)
504041(213)
504044(284)
504208(270)
504223(298)
504230(237)
504738(214)
504743(186)
504745(176)
504750(208)
504752(223)
507120(220)
507122(239)
507123(331)
507303(220)
507307(224)
507089(255)
507092(225)
507103(234)
507115(216)
507116(197)
507309(231)
507318(250)
507321(230)
507328(210)
507329(209)
507613(262)
507620(215)
507625(241)
507626(288)
507628(269)
507335(251)
507346(259)
507350(220)
507603(285)
507607(258)
507075(214)
507076(238)
507077(214)
507085(210)
507088(224)
505202(220)
505206(251)
505207(220)
507016(244)
507021(220)
504758(214)
504759(204)
504760(266)
504768(191)
505201(265)
507022(257)
507025(233)
507027(217)
507028(245)
507029(287)
507058(193)
507063(200)
507069(278)
507071(187)
507073(206)
507042(251)
507044(259)
507045(228)
507052(316)
507054(343)
8
503421(154)
503428(156)
503437(185)
503442(204)
503444(182)
503404(187)
503406(172)
503409(178)
503414(169)
503416(180)
503449(159)
503453(176)
503455(205)
503456(219)
503462(169)
503483(200)
503488(204)
503489(216)
503507(220)
503511(190)
503464(182)
503469(172)
503478(162)
503479(184)
503481(205)
502966(202)
502974(208)
502999(205)
503008(220)
503403(177)
502517(197)
502520(195)
502524(231)
502529(191)
502540(177)
502701(223)
502709(194)
502722(135)
502724(178)
502908(204)
502949(164)
502950(178)
502951(260)
502955(200)
502956(205)
502927(197)
502932(167)
502935(237)
502937(163)
502938(187)
503514(214)
503518(205)
503519(212)
503527(223)
503535(205)
504771(182)
504778(232)
505204(246)
505205(251)
505208(183)
504746(142)
504748(190)
504749(180)
504757(169)
504763(159)
505210(198)
507002(185)
507003(179)
507004(164)
507013(180)
504514(257)
504538(164)
504720(163)
504725(267)
504735(167)
503631(197)
503902(149)
504005(166)
504009(156)
504012(231)
503541(175)
503560(252)
503605(222)
503612(166)
503628(169)
504013(245)
504028(201)
504045(216)
504201(200)
504202(214)
504255(226)
504274(189)
504278(182)
504282(191)
504295(176)
504212(190)
504213(209)
504217(209)
504231(201)
504252(211)
500553(162)
500568(226)
500569(176)
500573(175)
500611(193)
500529(226)
500537(177)
500538(180)
500541(176)
500550(193)
501025(193)
501053(236)
501059(164)
501062(251)
501069(198)
500618(191)
500622(183)
501021(191)
501022(155)
501023(176)
500007(222)
500016(200)
500066(200)
500070(234)
500072(252)
502268(172)
502272(206)
502293(198)
502300(157)
502505(205)
500503(204)
500505(186)
500511(222)
500515(197)
500519(213)
500105(201)
500108(261)
500166(233)
500177(190)
500187(214)
501072(168)
501081(224)
501419(164)
501460(203)
501470(212)
501992(154)
501994(199)
501996(170)
502000(182)
502010(167)
501980(195)
501981(218)
501983(159)
501987(171)
501988(151)
502256(168)
502259(162)
502261(173)
502263(179)
502267(164)
502016(208)
502018(200)
502206(208)
502212(182)
502222(164)
501545(170)
501555(149)
501565(174)
501573(178)
501574(185)
501479(195)
501484(227)
501531(157)
501532(165)
501535(153)
501923(184)
501925(191)
501932(191)
501941(221)
501968(194)
501577(196)
501583(203)
501585(186)
501590(208)
501591(206)
5 Papers
509939(224)
509941(250)
510202(271)
510203(225)
510209(191)
509927(260)
509930(247)
509931(253)
509934(284)
509935(184)
510436(260)
510442(233)
510454(216)
510457(284)
510803(255)
510224(213)
510226(228)
510227(205)
510408(266)
510414(283)
510215(269)
510216(254)
510217(209)
510218(284)
510220(257)
9
502225(134)
502227(131)
502236(153)
502251(149)
502266(134)
502202(125)
502205(135)
502217(127)
502221(117)
502223(167)
502274(154)
502275(145)
502278(105)
502279(147)
502515(163)
502904(204)
502915(134)
502942(157)
502947(179)
502952(181)
502541(138)
502706(140)
502716(161)
502720(166)
502726(110)
501969(142)
501975(174)
501991(157)
502019(130)
502022(151)
501031(171)
501445(156)
501476(157)
501512(177)
501528(162)
501533(136)
501547(107)
501557(133)
501584(178)
501587(170)
501926(129)
501930(140)
501943(126)
501947(157)
501966(145)
501588(113)
501901(149)
501904(155)
501906(184)
501920(128)
502958(137)
502972(151)
502975(169)
502977(148)
502980(130)
504790(112)
504793(118)
507017(135)
507030(129)
507053(152)
504762(127)
504777(127)
504779(127)
504786(120)
504788(120)
507057(108)
507059(138)
507060(151)
507067(128)
507072(109)
504540(126)
504555(123)
504702(149)
504719(148)
504755(135)
503447(148)
503450(165)
503452(141)
503457(146)
503463(135)
503401(125)
503410(129)
503417(142)
503420(135)
503441(143)
503468(153)
503475(147)
503508(149)
503555(194)
503594(178)
504024(150)
504040(153)
504237(127)
504248(137)
504254(134)
503626(180)
503627(138)
503901(144)
504010(177)
504019(206)
500598(147)
500624(157)
501006(111)
501007(136)
501016(137)
500073(132)
500534(140)
500548(188)
500572(154)
500585(137)
4 Papers
507816(161)
507833(176)
507837(179)
507840(199)
507844(211)
507606(210)
507629(187)
507634(191)
507655(210)
507807(158)
507874(195)
508125(203)
508126(210)
508127(168)
508137(228)
507850(175)
507851(196)
507856(160)
507858(209)
507867(167)
507323(172)
507326(191)
507340(189)
507347(210)
507349(180)
507040(161)
507046(153)
507056(190)
507066(192)
507068(211)
507015(195)
507019(157)
507023(148)
507026(150)
507036(224)
507112(188)
507113(175)
507118(175)
507119(208)
507313(232)
507070(142)
507078(179)
507087(180)
507093(153)
507110(147)
508143(160)
508164(156)
508409(191)
508410(180)
508418(180)
509278(212)
509289(168)
509292(189)
509319(195)
509331(225)
509253(184)
509259(185)
509263(187)
509275(168)
509277(192)
509338(240)
509342(199)
509712(163)
509714(168)
509920(186)
510421(175)
510438(148)
509921(165)
509936(169)
510214(178)
510230(183)
510410(204)
508607(211)
508618(183)
508628(180)
508804(173)
508807(206)
508420(206)
508422(167)
508435(190)
508438(199)
508445(210)
509030(186)
509043(236)
509047(228)
509051(266)
509054(225)
509223(170)
509232(172)
509242(204)
509247(207)
509248(254)
509057(193)
509059(174)
509215(180)
509218(167)
509219(209)
10
504747(70)
504751(119)
504753(113)
504756(100)
504764(94)
504724(99)
504726(101)
504729(100)
504736(89)
504741(129)
504766(80)
504769(115)
504770(112)
504772(94)
504774(97)
507037(89)
507048(97)
507051(99)
507081(88)
507091(99)
504787(110)
507009(86)
507011(86)
507014(89)
507031(91)
502707(97)
502708(109)
502715(113)
502719(108)
502946(115)
502269(79)
502271(92)
502277(81)
502298(94)
502503(121)
503454(115)
503466(108)
503473(98)
503476(131)
503477(91)
504266(94)
504528(85)
504707(123)
504717(88)
504722(86)
503634(123)
503635(120)
503644(101)
504251(100)
504259(117)
507094(87)
507099(103)
507105(87)
507109(75)
507324(101)
509303(110)
509308(111)
509322(106)
509330(101)
509336(96)
509268(112)
509273(128)
509284(123)
509290(111)
509298(106)
509719(123)
509910(104)
509912(116)
509913(93)
509932(101)
509940(129)
510201(93)
510418(133)
510446(121)
510447(105)
507633(136)
507649(130)
507801(103)
507806(96)
507839(96)
507327(100)
507332(88)
507339(111)
507610(107)
507612(139)
507854(95)
507864(88)
508141(67)
508155(95)
508401(106)
509008(129)
509026(114)
509204(92)
509226(92)
509267(103)
508421(65)
508426(72)
508430(96)
508433(110)
508625(103)
502226(104)
502237(95)
502240(98)
502245(89)
502248(84)
500539(115)
500565(123)
500616(107)
501067(123)
501096(92)
500069(118)
500110(156)
500141(123)
500514(144)
500521(107)
501551(121)
501566(104)
501570(126)
501911(101)
501912(97)
502208(96)
502211(98)
502214(107)
502216(103)
502220(106)
501950(90)
501954(90)
501979(115)
502203(107)
502204(96)
3 Papers
508111(133)
508112(125)
508121(127)
508152(108)
508403(114)
507841(151)
507855(137)
507865(147)
507868(127)
508107(135)
508629(158)
508806(146)
509002(117)
509020(125)
509027(121)
508605(128)
508614(161)
508617(157)
508619(145)
508627(143)
507107(133)
507302(220)
507305(150)
507306(132)
507343(166)
507074(124)
507086(128)
507098(131)
507102(144)
507104(127)
507632(161)
507640(179)
507641(133)
507802(155)
507803(118)
507344(108)
507353(162)
507354(150)
507611(212)
507631(140)
509716(140)
509723(154)
509905(138)
509924(143)
509925(151)
509328(135)
509329(130)
509335(157)
509604(126)
509715(140)
510437(141)
510451(148)
510801(165)
510805(164)
510211(108)
510213(168)
510405(119)
510430(133)
510432(161)
509225(136)
509230(118)
509233(147)
509234(143)
509235(128)
509034(187)
509036(180)
509039(170)
509041(165)
509216(158)
509295(139)
509296(148)
509305(133)
509325(130)
509327(129)
509238(129)
509250(138)
509264(139)
509269(121)
509280(148)
11
502544(21)
502714(34)
502717(52)
502922(35)
502933(38)
502943(33)
503472(37)
504291(19)
504502(19)
504711(37)
504721(18)
504732(17)
504734(35)
504775(27)
504789(28)
502262(20)
502270(30)
502282(34)
502294(43)
502299(36)
500093(41)
500533(42)
500549(17)
500600(45)
501098(33)
501427(27)
501916(31)
501939(55)
501986(29)
502238(27)
502239(24)
502243(19)
502244(43)
502247(27)
502255(24)
509907(22)
509922(39)
509937(35)
510208(28)
510219(34)
510234(28)
510415(34)
510419(23)
510420(23)
510424(54)
510429(22)
510450(20)
508440(36)
508604(20)
509031(80)
509203(37)
509706(36)
504794(31)
507033(23)
507108(24)
507117(29)
507301(22)
507317(36)
507352(35)
507608(36)
507828(27)
507829(25)
507835(38)
508130(33)
508414(24)
508417(21)
508427(32)
1Paper
509337(58)
509601(75)
509602(84)
509711(80)
509713(68)
509287(73)
509297(73)
509300(53)
509301(61)
509309(67)
509718(69)
509906(57)
509911(59)
509938(74)
510221(70)
510802(61)
510404(84)
510416(78)
510431(86)
510452(87)
510455(58)
502710(52)
502924(61)
502964(47)
502982(61)
503004(74)
502281(75)
502290(64)
502291(67)
502296(63)
502704(69)
504260(62)
504289(69)
504292(79)
504529(77)
504537(62)
503540(79)
503591(80)
504031(50)
504243(54)
504256(88)
501539(68)
501542(75)
501552(43)
501564(57)
501576(58)
500181(92)
500185(124)
500197(63)
500526(75)
501097(47)
502250(80)
502252(85)
502253(93)
502254(78)
502260(74)
501951(69)
501963(59)
502229(83)
502233(70)
502246(60)
504708(80)
504713(73)
504716(71)
504723(59)
504727(70)
508145(87)
508162(54)
508424(54)
508425(45)
508606(77)
507862(44)
507866(50)
507875(43)
508108(72)
508123(67)
509033(70)
509044(64)
509201(62)
509202(74)
509249(89)
508809(57)
509001(57)
509024(51)
509025(58)
509028(71)
504780(55)
504781(73)
504783(59)
504785(42)
504791(55)
504730(62)
504740(50)
504742(60)
504754(64)
504767(48)
507824(55)
507825(53)
507836(75)
507842(57)
507861(46)
507008(63)
507106(66)
507341(114)
507636(71)
507642(69)
2 Papers
510448(110)
