Commerce 
                  Regular  (02-02-2026)
URL: https://www.biek.edu.pk/Result-2025/Supply/CMR/RESULT-GAZZETTE-COMMERCE-REGULAR-HSC-PART-II-SUPPLEMENTARY-2025.pdf
Source: https://www.biek.edu.pk/Result-Declaration-default.asp

1
NOTE: MARKS OBTAINED BY ALL THE SUCCESSFUL CANDIDATES ARE INDICATED WITHIN
MARKS) TO RAISE THEIR GRADES IN HARDSHIP CASES ARE INDICATED WITH PLUS(+) SIGN AND
PARANTHESIS AGAINST THEIR ROLL NUMBER AND THE EXTRA MARKS GIVEN (MAXIMUM FIVE
CANDIDATES BEARING THE FOLLOWING ROLL NUMBERS ARE DECLARED TO HAVE
PASSED THE INTERMEDIATE COMMERCE (REGULAR) GROUP PART - II (CLASS XII)
SUPPLEMENTARY EXAMINATION 2025.
800926(614)
800934(611)
800940(561)
800941(601)
800943(583)
800752(545+ 5)
800754(604)
800921(560)
800924(560)
800925(605)
800945(621)
800953(548+ 2)
801114(565)
801231(573)
801232(592)
801507(611)
801514(629)
801519(547+ 3)
801524(563)
801525(583)
801349(594)
801503(547+ 3)
801504(592)
801505(547+ 3)
801506(550)
800741(585)
800744(632)
800747(596)
800748(596)
800751(628)
800031(569)
800032(597)
800054(590)
800065(621)
800066(575)
800069(635)
800071(611)
800072(605)
800074(564)
800075(621)
800091(578)
800093(647)
800629(566)
800631(624)
800634(557)
800081(568)
800085(603)
800086(582)
800087(565)
800089(638)
801527(569)
801528(649)
801541(597)
801543(569)
801549(632)
801551(591)
801552(560)
801842(603)
801848(548+ 2)
801852(552)
800007(545+ 5)
800011(561)
800019(588)
800027(607)
800030(631)
Grade : C
812190(687)
813234(674)
813237(701)
813400(695)
814271(659+ 1)
814401(661)
815675(694)
819096(659+ 1)
819285(673)
819301(657+ 3)
819570(675)
819574(722)
819585(672)
821512(708)
821517(714)
810106(683)
810115(670)
810518(666)
810529(677)
810678(715)
800028(700)
800059(668)
800067(667)
801531(674)
801845(712)
803240(719)
806642(685)
807919(703)
807933(681)
807936(706)
808212(666)
808222(697)
809341(717)
809703(661)
809715(658+ 2)
844511(668)
846137(683)
846465(698)
846730(686)
847531(701)
841181(655+ 5)
841188(683)
841574(668)
842136(692)
843498(670)
862184(681)
862193(669)
865881(705)
888821(673)
***********
850953(763)
853201(657+ 3)
854882(753)
854903(661)
858352(734)
826689(662)
827044(663)
829263(697)
829276(659+ 1)
829605(660)
824174(695)
824178(710)
824343(657+ 3)
825044(663)
826311(663)
835592(708)
835593(658+ 2)
837311(667)
838390(693)
840091(697)
829918(763)
831362(698)
832042(657+ 3)
832782(677)
833185(677)
Grade : B
853682(859)
808286(785)
813772(785)
814191(793)
816002(835)
826381(806)
Grade : A
808259(881)
Grade : A-1
800001 - 893999
GRACE MARKS CASES ARE INDICATED WITH CARET(^) SIGN
2
812567(624)
812572(556)
812574(594)
812833(590)
812843(577)
810555(553)
810563(562)
810566(555)
811996(550)
812185(575)
812971(632)
812973(572)
812977(584)
813232(594)
813233(627)
813392(640)
813397(608)
813404(566)
813408(609)
813625(590)
813235(575)
813238(639)
813239(643)
813383(624)
813388(597)
810478(545+ 5)
810506(586)
810513(624)
810541(547+ 3)
810547(575)
808323(612)
808333(590)
809411(566)
809661(630)
809663(554)
809669(596)
809682(573)
809683(579)
809688(591)
809696(617)
810097(645)
810108(572)
810113(577)
810136(573)
810146(608)
809704(548+ 2)
809726(582)
810084(596)
810085(608)
810095(609)
813633(561)
813744(568)
813748(594)
813751(566)
813757(556)
816496(552)
816500(636)
816501(619)
816502(611)
816512(597)
816283(616)
816284(569)
816481(558)
816484(644)
816492(594)
816514(611)
816515(546+ 4)
816516(564)
816517(568)
816520(581)
815807(560)
816254(627)
816256(549+ 1)
816257(598)
816273(633)
813775(551)
814011(571)
814616(559)
814724(562)
814736(563)
813758(640)
813761(621)
813765(596)
813767(551)
813769(574)
814738(581)
814742(615)
814743(551)
814759(548+ 2)
814763(550)
815242(550)
815412(549+ 1)
815671(585)
815802(597)
815803(610)
814778(560)
814780(638)
814781(586)
814783(552)
814791(572)
802592(602)
802593(570)
802611(547+ 3)
803225(556)
803232(554)
802556(554)
802570(568)
802571(624)
802578(616)
802590(644)
803234(594)
803254(558)
803263(634)
803264(553)
803271(652)
803949(573)
804418(577)
804460(618)
804922(562)
804924(569)
803284(567)
803701(641)
803741(587)
803852(549+ 1)
803944(594)
802522(573)
802540(555)
802542(549+ 1)
802548(569)
802555(570)
801853(562)
801855(618)
801884(598)
801886(551)
801888(646)
808268(545+ 5)
808284(563)
808289(546+ 4)
808303(566)
808320(546+ 4)
801898(561)
801904(557)
801919(550)
801921(553)
801923(550)
802492(562^ 2)
802493(592)
802508(604)
802513(574)
802519(558)
801929(592)
801931(601)
801939(608)
801940(558)
801943(555)
804925(565)
805143(557)
805169(546+ 4)
805186(587)
805826(590)
807119(603)
807230(562)
807562(595)
807675(615)
807683(550)
806685(604)
806686(555)
806689(551)
807114(600)
807115(610)
807901(558)
807907(580)
807909(555)
807914(619)
807915(630)
808210(549+ 1)
808218(604)
808248(581)
808264(602)
808265(550)
807935(621)
808114(592)
808115(638)
808200(557)
808203(634)
806651(578)
806654(552)
806662(599)
806670(594)
806682(631)
805980(548+ 2)
805982(549+ 1)
805984(611)
805985(576)
805986(561)
805971(628)
805973(606)
805974(576)
805975(558)
805976(560)
805987(581)
805989(568)
805991(581)
805996(631)
805997(546+ 4)
806021(549+ 1)
806391(558)
806514(567)
806638(564)
806644(593)
806000(600)
806004(623)
806008(614)
806011(588)
806012(610)
3
826069(598)
826312(628)
826541(605)
826683(546+ 4)
826691(618)
825492(592)
825747(572)
825754(587)
825758(595)
825762(595)
826699(600)
826700(600)
826702(607)
826723(554)
826724(646)
827022(594)
827041(559)
827056(580)
827069(624)
827076(642)
826725(570)
826728(564)
826736(580)
826737(568)
826741(612)
825461(627)
825463(576)
825464(653)
825467(550)
825472(554)
824451(601)
824455(584)
824461(645)
824464(601)
824823(568)
824828(594)
825042(624)
825049(608)
825051(566)
825053(548+ 2)
825454(646)
825455(582)
825456(567)
825457(652)
825458(559)
825064(624)
825263(547+ 3)
825450(572)
825451(550)
825453(578)
827433(589)
827443(630)
827644(550)
828083(603)
828085(563)
831275(548+ 2)
831281(562)
831284(646)
831290(564)
831301(560)
830236(565)
830532(586)
830533(545+ 5)
831163(575)
831172(591)
831309(630)
831317(551)
831321(599)
831325(587)
831328(554)
830226(556)
830230(547+ 3)
830232(607)
830234(632)
830235(583)
828710(620)
828719(545+ 5)
828961(549+ 1)
829264(559)
829272(599)
828433(595)
828543(601)
828598(549+ 1)
828601(599)
828703(571)
829274(559)
829278(552)
829282(583)
829585(615)
829791(576)
830201(570)
830210(576)
830218(554)
830220(546+ 4)
830223(557)
829914(555)
829921(557)
829925(593)
830065(587)
830069(573)
818816(579)
819001(582)
819002(571)
819003(597)
819100(546+ 4)
818064(621)
818072(546+ 4)
818078(575)
818593(590)
818815(613)
819300(555)
819311(644)
819313(589)
819318(583)
819564(589)
820167(552)
820168(586)
820171(552)
820181(625)
820195(559)
819572(549+ 1)
819593(609)
819596(635)
820054(551)
820156(625)
817532(551)
817641(567)
817921(632)
818042(552)
818055(555)
816521(647)
816527(583)
816532(612)
816534(605)
816535(580)
824416(570)
824430(569)
824433(598)
824434(569)
824442(567)
816541(545+ 5)
816542(583)
816543(576)
816544(619)
816545(648)
817521(548+ 2)
817523(577)
817527(617)
817530(557)
817531(592)
816548(553)
816556(556)
816559(548+ 2)
816561(584)
817142(647)
820200(627)
820494(556)
820497(605)
820498(547+ 3)
820511(592)
822777(603)
822793(631)
822801(611)
823127(598)
823128(626)
822391(611)
822395(614)
822417(559)
822742(550)
822758(552)
823221(587)
823228(601)
823232(551)
823233(569)
823234(618)
823821(561)
823871(614)
823980(607)
823983(589)
824182(605)
823261(547+ 3)
823263(569)
823267(607)
823270(601)
823691(650)
821809(588)
821810(549+ 1)
822387(594)
822388(587)
822390(549+ 1)
820539(547+ 3)
820855(547+ 3)
820857(599)
820949(545+ 5)
820956(576)
820512(607)
820513(576)
820526(593)
820527(604)
820529(566)
820957(571)
820968(590)
820971(653)
820975(609)
820987(571)
821516(616)
821587(574)
821592(598)
821714(623)
821803(556)
821426(561)
821427(592)
821428(560)
821430(584)
821514(618)
4
843477(580)
843480(563)
843497(610)
843510(545+ 5)
844101(625)
843375(641)
843439(573)
843447(548+ 2)
843462(571)
843476(584)
844389(651)
844395(545+ 5)
844397(579)
844510(596)
844515(552)
844554(564)
844570(581)
844574(585)
844578(606)
844932(577)
844517(564)
844524(553)
844531(598)
844533(548+ 2)
844534(554)
842681(562)
842732(651)
843151(595)
843186(557)
843371(586)
840766(561)
840774(551)
840777(564)
841179(556)
841180(605)
841213(547+ 3)
841220(566)
841225(581)
841692(546+ 4)
841804(620)
842127(548+ 2)
842129(554)
842143(559)
842404(581)
842663(576)
841806(579)
841815(607)
841822(574)
841835(551)
842057(563)
844941(563)
844959(562)
844979(546+ 4)
844985(594)
844989(569)
848127(545+ 5)
848131(558)
848136(587)
848146(626)
848153(602)
847745(642)
847750(554)
847770(609)
847772(571)
848122(616)
848631(558)
849110(639)
849178(607)
849801(588)
850760(654)
847518(551)
847521(545+ 5)
847523(546+ 4)
847527(630)
847535(553)
845613(638)
846135(608)
846138(573)
846231(606)
846232(558)
844993(593)
845002(592)
845031(565)
845042(596)
845611(562)
846239(566)
846241(548+ 2)
846325(597)
846376(571)
846727(588)
846749(571)
846934(601)
847333(581)
847511(592)
847516(573)
846729(628)
846733(602)
846738(546+ 4)
846743(646)
846747(567)
834567(579)
834791(585)
834792(614)
835032(565)
835243(628)
833522(650)
833832(549+ 1)
833852(552)
834558(557)
834565(579)
835244(556)
835355(552)
835356(560)
835591(623)
835650(555)
836160(585)
836163(557)
836164(592)
836167(584)
836175(631)
835958(596)
835961(567)
836152(565)
836156(568)
836157(576)
833484(559)
833490(557)
833497(552)
833510(626)
833513(569)
831337(545+ 5)
831352(573)
831368(563)
832038(575)
832040(591)
840712(575)
840733(548+ 2)
840735(547+ 3)
840745(581)
840750(623)
832411(558)
832483(597)
832488(604)
832578(562)
832781(608)
833175(649)
833180(610)
833183(590)
833193(624)
833473(620)
833101(568)
833159(561)
833161(597)
833165(567)
833173(548+ 2)
836194(545+ 5)
836202(589)
836205(652)
836458(564)
836459(560)
838360(557)
838371(545+ 5)
838373(578)
838387(648)
838766(567)
837778(545+ 5)
837834(575)
838321(550)
838347(581)
838354(561)
838811(604)
838813(545+ 5)
838819(626)
838846(552^ 3)
838862(594)
839637(567)
840021(572)
840291(553)
840562(546+ 4)
840567(565)
838871(566)
838882(564)
838884(571)
839382(583)
839635(603)
837337(596)
837340(547+ 3)
837347(570)
837751(561)
837757(548+ 2)
836762(545+ 5)
836766(556)
836767(545+ 5)
836783(553)
837121(564)
836461(577)
836537(561)
836544(547+ 3)
836560(557)
836753(570)
837191(613)
837195(559)
837197(550)
837265(562)
837271(562)
837313(548+ 2)
837316(547+ 3)
837325(568)
837327(592)
837330(548+ 2)
837279(547+ 3)
837292(577)
837298(609)
837299(568)
837310(552)
5
800082(506)
800083(520)
800088(481)
800090(539)
800092(479)
800063(435+ 5)
800064(454)
800068(535)
800076(499)
800079(511)
800094(452)
800095(521)
800621(499)
800622(535)
800628(541)
800749(507)
800750(465)
800756(501)
800863(436+ 4)
800864(458)
800632(476)
800633(518)
800742(486)
800743(510)
800745(493)
800049(499)
800053(492)
800055(519)
800061(462)
800062(494)
800009(522)
800012(520)
800013(489)
800015(463)
800018(458)
800001(507)
800002(484^ 1)
800004(496)
800005(485)
800008(543)
800020(493)
800022(520)
800023(472)
800024(524)
800026(502)
800040(466)
800043(524)
800045(499)
800047(515)
800048(489)
800029(492)
800035(542)
800036(527)
800037(544)
800039(493)
801340(519)
801341(513)
801343(486)
801344(483)
801345(451)
801333(455)
801335(469)
801336(481)
801337(491)
801338(533)
801119(543)
801120(518)
801121(482)
801331(543)
801332(531)
800929(484)
800930(484)
800931(502)
800933(533)
800935(538)
800865(501)
800867(494)
800922(517)
800923(513)
800928(475)
800938(537)
800939(531)
800942(536)
800944(508)
800946(513)
801112(489)
801113(470)
801115(527)
801117(518)
801118(534)
800947(509)
800948(540)
800950(455)
800951(487)
800952(523)
Grade : D
891142(621)
891144(613)
891332(555)
892022(636)
856713(588)
856716(586)
857179(571)
857185(623)
857186(558)
854915(573)
854927(558)
856011(605)
856287(576)
856580(627)
857305(562)
857443(550)
857452(550)
857572(599)
857575(550)
858177(546+ 4)
858179(552)
858350(559)
858351(581)
858386(552)
857803(548+ 2)
857810(569)
857817(547+ 3)
858062(628)
858173(563)
854692(586)
854894(639)
854895(546+ 4)
854901(623)
854902(615)
852284(586)
852285(622)
852524(583)
852856(545+ 5)
852961(575)
850765(567)
850952(551)
850993(587)
851901(620)
852142(573)
852965(556)
852966(619)
852967(561)
853458(550)
853459(549+ 1)
854204(584)
854361(621)
854369(607)
854384(560)
854388(585)
854032(631)
854038(572)
854039(602)
854181(545+ 5)
854191(546+ 4)
865701(624)
866311(566)
866447(586)
879323(575)
879821(606)
864689(559)
864704(609)
865057(571)
865067(557)
865631(602)
882082(623)
882211(617)
882248(580)
884262(563)
884402(554)
887872(576)
888144(561)
888922(565)
889721(552)
890001(558)
884912(645)
884915(572)
886227(560)
887242(556)
887292(583)
863981(614)
864352(550)
864632(563)
864657(576)
864687(595)
859789(552)
859999(587)
860005(549+ 1)
860491(568)
860492(566)
858390(641)
859241(560)
859584(560)
859586(551)
859655(545+ 5)
860761(583)
860975(587)
861051(571)
861411(562)
861737(596)
863172(556)
863173(565)
863627(560)
863649(586)
863660(549+ 1)
861813(558)
861907(571^ 1)
861912(623)
862192(600)
863164(576)
6
803246(489)
803250(510)
803256(536)
803257(526)
803272(529)
803222(513)
803228(465)
803230(527)
803243(441)
803245(528)
803278(498)
803280(505)
803571(542)
803785(508)
803787(479)
803945(521)
803947(489)
803948(479)
803950(526)
803952(513)
803851(544)
803853(472)
803893(457^ 1)
803894(456)
803942(444)
802618(527)
802620(457)
802621(481)
802622(454)
802625(524^ 3)
802549(473)
802551(531)
802552(530)
802553(515)
802554(520)
802560(522)
802562(481)
802563(511)
802566(543)
802569(446)
802602(462^ 1)
802603(511)
802605(540)
802614(464)
802617(458)
802574(489)
802587(480)
802591(526^ 3)
802595(503)
802599(443)
804041(515)
804142(484)
804361(481)
804392(535)
804394(506)
805101(491)
805109(539)
805110(454)
805116(468)
805117(460)
805089(455)
805091(439+ 1)
805093(522)
805094(477)
805100(447)
805118(463)
805120(461)
805121(447)
805122(501)
805124(470)
805082(497)
805084(531)
805085(466)
805087(440)
805088(487)
804435(485)
804438(487)
804440(498)
804443(451^ 1)
804450(441)
804395(470^ 3)
804396(527)
804408(492)
804414(534)
804434(481)
804465(498)
804470(528)
804471(468)
804481(496)
804482(534)
804927(480)
804929(493)
804930(533)
804931(465)
804932(512)
804485(485^ 1)
804487(462)
804489(483)
804921(536)
804926(502)
801547(467)
801548(528)
801553(506)
801554(472)
801555(473)
801538(441)
801539(490)
801544(489)
801545(519)
801546(482)
801557(505)
801558(513)
801559(522)
801847(459)
801849(474)
801860(484)
801861(502)
801863(475)
801864(529)
801865(453)
801850(537)
801851(542)
801854(469)
801856(494)
801859(444)
801533(516)
801534(486)
801535(528)
801536(448)
801537(485)
801347(447)
801351(477)
801352(476)
801357(516)
801501(529)
802533(510)
802537(487)
802538(469)
802539(536)
802547(539)
801508(541)
801509(484)
801512(495)
801513(526)
801515(448)
801523(479)
801526(510)
801529(472)
801530(486)
801532(512)
801516(513)
801517(538)
801518(483)
801520(467)
801521(518)
801867(485)
801868(447)
801869(482)
801870(509)
801871(498)
801933(514)
801935(521)
801937(540)
801938(516)
801942(516)
801924(524)
801925(493)
801927(481)
801928(539)
801932(474^ 2)
801944(494)
802494(501)
802496(506^ 3)
802498(507)
802499(452)
802516(495)
802523(528)
802524(514)
802525(437+ 3)
802532(450)
802501(508^ 2)
802502(480)
802503(542)
802506(466)
802509(505)
801914(524)
801916(498)
801917(509)
801918(509)
801920(515)
801883(465)
801885(455^ 3)
801887(504)
801889(506)
801890(534)
801874(530)
801876(467)
801878(500)
801881(505^ 3)
801882(439+ 1)
801891(517)
801892(527)
801893(504)
801895(450)
801896(442)
801909(497)
801910(469)
801911(496)
801912(522)
801913(450)
801899(543)
801901(458)
801903(512)
801905(533)
801907(495)
7
808228(489)
808231(466)
808233(442)
808234(528)
808235(473)
808204(465)
808205(504)
808213(541)
808220(436+ 4)
808225(543)
808236(529)
808240(441)
808243(467)
808244(462)
808245(489)
808258(484)
808272(466)
808280(535)
808281(462)
808285(487)
808246(502)
808252(470)
808253(502)
808254(483)
808256(514)
808182(436+ 4)
808185(469)
808190(487)
808192(455^ 2)
808198(541)
807269(519)
807270(482)
807673(435+ 5)
807676(473)
807678(475)
807685(482)
807686(448)
807687(453)
807693(486)
807698(520)
807918(517)
807920(449)
807930(452)
808112(493)
808117(532)
807707(493)
807908(469)
807910(538)
807912(440)
807917(487)
808287(479)
808290(544)
808291(457^ 1)
808295(446)
808297(510)
809676(493)
809681(514)
809684(513)
809687(512)
809689(470)
809668(525)
809670(531)
809671(455)
809672(499)
809673(491)
809691(483)
809693(469)
809694(495)
809699(517)
809700(468^ 3)
808355(467)
809165(532)
809261(485)
809662(485)
809665(521)
808306(515)
808309(506)
808311(536)
808314(499)
808317(482)
808298(460)
808300(490)
808301(445)
808302(522)
808305(513)
808319(518)
808324(533)
808326(460)
808327(520)
808328(477)
808341(453)
808343(498)
808347(473)
808352(507^ 3)
808353(483)
808329(490)
808331(474)
808334(484)
808337(524)
808339(538)
805843(436+ 4)
805972(537)
805977(513)
805978(497)
805979(474)
805822(536)
805823(487)
805824(530)
805834(481)
805837(480)
805981(533)
805983(529)
805988(496)
805992(516)
805993(529)
806002(524)
806003(449)
806005(471)
806006(515^ 1)
806007(530)
805994(474)
805995(536)
805998(451)
805999(509)
806001(501)
805196(517)
805197(485)
805205(480)
805206(492)
805821(541)
805125(493)
805126(459)
805127(453)
805133(456)
805141(483)
807252(462)
807253(439+ 1)
807261(477)
807265(460)
807267(523)
805145(446^ 2)
805152(498)
805156(462)
805161(495)
805165(469)
805182(504)
805183(459)
805185(534)
805188(446)
805195(450)
805167(435+ 5)
805168(487)
805175(456)
805179(461^ 2)
805181(463)
806009(528)
806010(511)
806015(502)
806016(493)
806017(476)
806675(535)
806684(487)
806687(530)
806688(520)
806690(541)
806657(474)
806663(458)
806664(507)
806671(494)
806673(534)
806691(445)
806692(441)
807113(505)
807122(527)
807125(517)
807233(444)
807236(524)
807241(536)
807243(517)
807247(500)
807126(453)
807128(487)
807129(487)
807130(511)
807224(504)
806637(513)
806639(540)
806645(470)
806652(531)
806656(445^ 3)
806312(522)
806351(543)
806392(523)
806393(534)
806394(460)
806018(539)
806019(476)
806020(519)
806022(450)
806311(528)
806512(539)
806513(455)
806516(515)
806611(485)
806613(498)
806627(441)
806628(442)
806629(536)
806633(464)
806635(462)
806617(445)
806619(482)
806620(448)
806621(531)
806623(452)
8
814723(477)
814730(494)
814731(473)
814733(472)
814734(466)
814713(502)
814715(485)
814716(514)
814718(526)
814719(471)
814741(522)
814744(470)
814745(445)
814750(486)
814751(507)
814758(534)
814760(483)
814761(484)
814762(529)
814766(526)
814752(496)
814753(521)
814754(524)
814755(493)
814756(447)
814603(498)
814606(484)
814615(481)
814711(521)
814712(518)
813398(493)
813407(521)
813410(517)
813411(543)
813624(539)
813626(491^ 2)
813741(529)
813742(538)
813745(496)
813750(475)
813768(526)
813770(515)
813774(504)
814232(455)
814601(442)
813753(470)
813754(494)
813756(487)
813759(515)
813763(540)
814771(472)
814772(530)
814774(477)
814777(447)
814779(511)
816522(494)
816523(532)
816525(516)
816528(500)
816529(534)
816505(498)
816506(513)
816509(468)
816518(505)
816519(518)
816530(506)
816536(494)
816538(538)
816539(542)
816546(464)
816491(501)
816495(517)
816499(506)
816503(480)
816504(478^ 3)
815663(492^ 1)
815665(470)
815669(522)
816251(533)
816252(504)
814782(510)
814786(477)
814790(491)
815542(541)
815547(502)
816255(477)
816259(477)
816261(493)
816263(460)
816265(481^ 3)
816282(509)
816483(524)
816485(523)
816488(453)
816489(468)
816266(446)
816267(456^ 2)
816268(533)
816270(512)
816276(465)
810120(467)
810123(473)
810124(542)
810126(474)
810128(449)
810105(526)
810111(518)
810112(467)
810116(455)
810119(473)
810129(466)
810137(498)
810138(538)
810141(507)
810142(493)
810466(540)
810467(441)
810470(444)
810477(457)
810479(489)
810145(484)
810453(489)
810457(504)
810462(486)
810464(494)
810088(461^ 3)
810089(440)
810091(510)
810099(518)
810100(521)
809706(499)
809707(455)
809710(520)
809711(507)
809712(486^ 3)
812986(482^ 3)
812988(509)
813389(513)
813390(484)
813396(542)
809713(494)
809717(519)
809720(480)
809721(518)
809722(456)
809737(517)
809738(527)
810081(539)
810083(507)
810086(491)
809725(469^ 3)
809727(491)
809728(481)
809735(502^ 3)
809736(517)
810489(544)
810491(525)
810501(467)
810503(493)
810509(480)
812184(471)
812272(451)
812274(456)
812322(517)
812323(512)
812093(514)
812094(492)
812097(465)
812100(496)
812181(538)
812557(526)
812558(471)
812560(541)
812561(456)
812573(478)
812588(455)
812842(544)
812976(520)
812978(449)
812984(513)
812576(497)
812579(506)
812580(446)
812583(522)
812585(478)
811922(506)
811991(444)
811993(519)
811995(507)
811997(509)
810542(537)
810545(523)
810549(533)
810557(535)
810560(502)
810512(467)
810517(486)
810523(480)
810536(487^ 3)
810538(503^ 2)
810575(444^ 1)
810579(485)
810584(536)
810587(467)
810600(501)
811674(468)
811677(468^ 1)
811679(438+ 2)
811680(464)
811695(458)
810605(486)
810608(443)
810621(514)
810627(443)
811673(467)
9
820516(539)
820518(522)
820525(540)
820530(500)
820531(460)
820501(448)
820503(474)
820506(470)
820507(464)
820509(523)
820532(462)
820536(521)
820537(516)
820538(478)
820540(477)
820851(435+ 5)
820942(519)
820947(456)
820952(518)
820953(451)
820542(454)
820544(477)
820546(509^ 3)
820547(490)
820548(477)
820204(460)
820206(487)
820491(532)
820493(454)
820495(489)
820160(440)
820161(489)
820162(496)
820164(493)
820166(509)
820173(484)
820175(494)
820176(473)
820178(544)
820179(509)
820196(488)
820197(529)
820199(497)
820202(490)
820203(523)
820185(449)
820191(527)
820192(465)
820193(539)
820194(480)
820960(472)
820962(505)
820963(462)
820965(494)
820966(527)
822411(481)
822413(529)
822414(456)
822415(526)
822416(510)
822398(512)
822403(481)
822407(501)
822409(531)
822410(458)
822420(524)
822421(466)
822422(544)
822425(442)
822426(488)
822243(524)
822382(454)
822386(494)
822389(542)
822397(523)
820980(536)
820983(533)
820985(501)
820986(445)
820988(470)
820967(460^ 1)
820969(513)
820970(515)
820972(459)
820974(467)
820991(477)
821422(527)
821423(491)
821424(517)
821425(479)
821806(506)
821811(507)
821812(535)
821961(538)
822242(492)
821590(500)
821715(497)
821716(537)
821801(460)
821802(489)
817522(510)
817525(523)
817526(476)
817528(491)
817533(486)
817168(441)
817176(530)
817180(438+ 2)
817191(534)
817192(504)
817534(499)
817536(529)
817634(462)
817635(541)
817639(525)
817964(538)
818041(500)
818045(528)
818046(509)
818047(474)
817643(516)
817647(454^ 1)
817784(480)
817841(537)
817881(495)
816586(459)
816589(461^ 2)
817141(522)
817157(457)
817162(455)
816547(501)
816549(476)
816550(460)
816551(489)
816552(532)
820062(505)
820151(520)
820152(478)
820158(501)
820159(478)
816553(542)
816554(534)
816555(519)
816557(509)
816558(496)
816571(478)
816573(495)
816576(449)
816577(496)
816585(463)
816560(496)
816562(471)
816563(456)
816564(463)
816566(479)
818048(516)
818049(528)
818052(458)
818054(507)
818057(466)
819307(459)
819308(484)
819310(447)
819315(487)
819316(527)
819295(526)
819297(508)
819302(445)
819303(467)
819304(454)
819321(504)
819323(482)
819324(481)
819561(492)
819569(439+ 1)
819607(528)
819614(492)
820057(530)
820058(517)
820060(504)
819571(540)
819587(534)
819590(447)
819597(465)
819599(454)
818817(479)
819205(463)
819209(442)
819281(506)
819283(492)
818071(512)
818075(486)
818076(530^ 1)
818077(487)
818591(498)
818059(490)
818060(494)
818062(541)
818068(484)
818070(536)
818592(475)
818595(453)
818596(457)
818601(544)
818605(457)
818615(442)
818618(491)
818623(435+ 5)
818811(514)
818813(469)
818607(463)
818609(474)
818612(489)
818613(453)
818614(486)
10
826729(542)
826733(507)
826738(497)
827025(500)
827026(511)
826713(460)
826714(495)
826715(479)
826716(511)
826718(516)
827028(440)
827033(513)
827040(443)
827042(502)
827046(440)
827064(535)
827065(526)
827067(538)
827070(455)
827074(517)
827047(504)
827049(474)
827052(513)
827058(483)
827062(530)
826706(487)
826708(525)
826709(540)
826711(535)
826712(459)
825763(492)
825764(509)
825912(504)
825913(508)
825916(527)
826011(526)
826061(477)
826066(507)
826067(448)
826131(529)
826686(497)
826692(523)
826693(513)
826698(468)
826704(438+ 2)
826132(489)
826171(502)
826543(538)
826682(450)
826684(465)
827075(441)
827080(540)
827081(506)
827424(495)
827429(522)
829266(496)
829269(531)
829270(478)
829275(465)
829279(530)
828729(499)
828730(451)
828964(480)
829034(454)
829261(471)
829281(519)
829283(489)
829284(528)
829542(496)
829581(524)
828720(482)
828721(524)
828723(526)
828724(543)
828728(523)
827636(458)
827638(467)
827640(506)
827641(486)
827643(473)
827431(524)
827436(480)
827441(443)
827446(526)
827447(459)
828081(457)
828544(464)
828592(495)
828594(511)
828597(524)
828706(514)
828707(486)
828708(510)
828711(526)
828712(449)
828599(532)
828602(476)
828693(527)
828694(459)
828697(492)
823238(471)
823239(467)
823242(459)
823246(452)
823250(537)
823126(482)
823131(491)
823222(489)
823236(522)
823237(502)
823255(536)
823256(485)
823257(472)
823259(500)
823260(503)
823823(519)
823973(491^ 1)
823978(496^ 2)
823984(513)
823985(489)
823264(504)
823265(542)
823266(504)
823269(500)
823822(489)
822797(475)
822800(485)
823121(529)
823123(496)
823124(492)
822429(524)
822743(454)
822744(496)
822745(513)
822746(452)
825751(464)
825756(540)
825757(509)
825759(513)
825761(492)
822748(467)
822750(468)
822751(496)
822753(543)
822754(495)
822771(482)
822776(529)
822778(513)
822784(522)
822794(509)
822759(484)
822760(446)
822761(518)
822762(507)
822767(495)
823986(499)
823995(510)
824001(478)
824176(523)
824177(540)
825449(466)
825452(443)
825459(526)
825460(515)
825462(497)
825273(510)
825442(485)
825444(514)
825447(514)
825448(511)
825465(533)
825466(455)
825471(478)
825475(532)
825483(483)
825743(486)
825745(465^ 2)
825746(448)
825748(471)
825749(510)
825484(490)
825485(516)
825487(461^ 2)
825488(461)
825742(506)
825264(528)
825265(461)
825267(512)
825270(515)
825271(501^ 3)
824428(441)
824443(475)
824460(526)
824462(523)
824465(480)
824272(436+ 4)
824342(519)
824413(487)
824426(524)
824427(435+ 5)
824742(532)
824744(510)
824811(457)
824820(534)
824821(505)
825059(533)
825061(523)
825062(500)
825065(511)
825260(524)
824824(516)
825043(459)
825050(543)
825056(484)
825057(479)
11
834579(478)
834581(449)
834584(445)
834585(446)
834586(483)
834571(462)
834572(492)
834573(460)
834575(501)
834576(480)
835033(524)
835111(540)
835249(533)
835250(530)
835254(459)
835644(490)
835645(495)
835649(485)
835658(468)
835659(445)
835351(448)
835353(529)
835354(450)
835357(522)
835642(490)
834552(447)
834561(461)
834562(436+ 4)
834568(526)
834570(492)
833507(462)
833508(510)
833519(535)
833525(486)
833529(462)
833822(440^ 3)
833828(465)
833831(524)
833836(465)
833839(466)
833850(532)
833854(517)
834131(455)
834421(488)
834551(441)
833841(459)
833842(485)
833843(535)
833846(520)
833848(511)
835661(509)
835671(511)
835675(465)
835681(529)
835683(455)
836533(513)
836534(522)
836536(483)
836538(519)
836539(515)
836200(502)
836201(537)
836204(458)
836452(465)
836456(511)
836540(459)
836541(493)
836542(471)
836543(533)
836550(501)
836192(480)
836195(512)
836196(519)
836197(517)
836198(527)
835965(474^ 2)
835971(472^ 3)
835975(506)
835977(496)
835978(521)
835687(464^ 3)
835951(504)
835955(438+ 2)
835960(447)
835962(501^ 2)
835981(467)
835983(453^ 1)
835985(495)
836151(507)
836161(512)
836178(489)
836182(473)
836183(471)
836184(454)
836189(530)
836170(505)
836171(478)
836172(448)
836173(477^ 3)
836174(539)
830228(542)
830231(500)
830233(515)
830242(543)
830243(526)
830212(533)
830216(512)
830217(535)
830221(499)
830222(514)
831165(521)
831167(471)
831273(498)
831289(522)
831291(435+ 5)
831300(482)
831302(459)
831307(501)
831308(447)
831312(493)
831292(515)
831293(529)
831294(504)
831296(543)
831298(460)
830078(505)
830079(449)
830202(501)
830207(520)
830209(524)
829582(498)
829583(544)
829584(506^ 2)
829588(524)
829589(491)
833494(515)
833495(456)
833496(506)
833499(541)
833506(537)
829590(495)
829601(480)
829607(531)
829608(533)
829612(512)
829931(501)
829933(533)
830061(483)
830064(482)
830066(536)
829614(533)
829912(525)
829913(478)
829917(513)
829919(449)
831315(489)
831319(456)
831326(512)
831341(463)
831343(451)
833164(451)
833168(440)
833171(509)
833172(519)
833174(510)
832576(494)
832941(539)
833071(511)
833102(467^ 3)
833162(451)
833176(535)
833179(501)
833184(517)
833190(515)
833197(496)
833476(519)
833480(435+ 5)
833481(462)
833485(508)
833493(499)
833198(499)
833200(488)
833201(492)
833472(529)
833475(479)
832481(458)
832487(451)
832490(467)
832572(447)
832573(441)
831843(503)
831961(447^ 1)
832032(522)
832041(487)
832046(483)
831345(542)
831357(530)
831365(492)
831841(484)
831842(442)
832047(511)
832048(440)
832051(483)
832052(454)
832055(447)
832071(449)
832412(473)
832414(531)
832415(535)
832416(475)
832056(484)
832058(541)
832066(500)
832068(442)
832070(455)
12
837812(460)
837819(511)
837822(535)
837835(476)
837837(447)
837797(460)
837798(460)
837800(487)
837806(487)
837810(529)
837839(524)
837841(460)
837842(489)
837844(484)
837847(450)
838331(450)
838333(528)
838336(510)
838341(512)
838348(540)
838322(480)
838323(473)
838326(482^ 2)
838329(523)
838330(491)
837774(509)
837780(492)
837784(436+ 4)
837789(435+ 5)
837796(484)
837346(541)
837348(442)
837349(463)
837350(534)
837741(471)
837746(474)
837747(480)
837753(513)
837754(479)
837755(461)
837765(476)
837767(486)
837768(471)
837771(518)
837772(505)
837756(520)
837758(477)
837762(509)
837763(483^ 2)
837764(499)
838355(520)
838357(516)
838364(479)
838365(476)
838366(474)
839746(464)
839747(508)
839749(521)
839861(502)
839931(485)
839574(516)
839575(493)
839576(451)
839633(528)
839636(523)
840092(507)
840093(498)
840228(491)
840301(484)
840302(451)
838859(446)
838861(442^ 2)
838866(486)
838867(469)
838875(521)
838382(526)
838386(512)
838761(453)
838762(488)
838763(508)
838372(486)
838375(472)
838377(460)
838378(492)
838379(513)
838765(477^ 1)
838772(513)
838773(528)
838779(529)
838780(473)
838833(503)
838838(448)
838852(523)
838853(523)
838855(471)
838783(525)
838806(492)
838815(530)
838824(512)
838825(477)
836779(510)
836780(520)
836782(454)
836784(536)
836785(443)
836771(452)
836774(475)
836775(542)
836776(508)
836778(497)
836787(539)
836788(442)
836789(466)
836790(475)
836791(516)
836798(482)
836799(465)
836800(499)
836801(465)
836802(530)
836792(486)
836794(469)
836795(488)
836796(535)
836797(494)
836764(472)
836765(460)
836768(529)
836769(493)
836770(480)
836551(477)
836553(473)
836554(448)
836557(487)
836558(477)
837339(543)
837341(521)
837342(436+ 4)
837343(495)
837345(490)
836561(458)
836562(490)
836563(519)
836564(520)
836565(481)
836757(457)
836758(436+ 4)
836759(435+ 5)
836760(500)
836763(465)
836567(541)
836568(446)
836751(440)
836752(436+ 4)
836756(479^ 1)
836803(538)
836806(518)
836807(500)
836808(521)
836809(510)
837307(501)
837309(512)
837312(500)
837314(519)
837315(491)
837301(483)
837302(542)
837303(519)
837305(492)
837306(480)
837317(535)
837318(495)
837321(506)
837322(536)
837323(541)
837332(468)
837333(499)
837334(492)
837335(518)
837338(512)
837324(512)
837326(520)
837328(472)
837329(510)
837331(533)
837294(524)
837295(507)
837296(520)
837297(476)
837300(467)
837194(478)
837261(460)
837263(537)
837264(510)
837268(527)
836810(447)
836814(520)
836815(503)
836816(525)
837193(515)
837269(488)
837272(524)
837273(504)
837275(516)
837276(509)
837284(525)
837286(512)
837288(486)
837291(479)
837293(540)
837277(491)
837278(485)
837281(530)
837282(465)
837283(488)
13
843145(441)
843164(453)
843176(522)
843374(537^ 1)
843377(530)
842719(456)
842720(515)
842726(521)
842731(462)
842733(465)
843378(477)
843431(517)
843432(481)
843435(452)
843440(480)
843459(462)
843460(460)
843463(452)
843465(517)
843478(455)
843441(465)
843442(509)
843443(542)
843444(534)
843457(462)
842694(474)
842697(459)
842701(451)
842706(470)
842709(514)
842161(537)
842162(517)
842408(514)
842418(449)
842419(480)
842651(467)
842652(436+ 4)
842657(453)
842658(448)
842659(481)
842671(475)
842673(482)
842678(470)
842686(460)
842693(504)
842660(528)
842662(442)
842664(499)
842665(451)
842668(466)
843482(542)
843488(465)
843489(535)
843492(503)
843496(475)
844528(481)
844529(475)
844532(521)
844535(446)
844537(437+ 3)
844521(471)
844522(470)
844525(463)
844526(438+ 2)
844527(472)
844539(437+ 3)
844540(470)
844541(511)
844542(532)
844546(474)
844512(493)
844513(488)
844514(440)
844516(524)
844520(448)
843873(488)
843874(439+ 1)
843876(454)
843877(492)
843991(480)
843500(539)
843505(479)
843506(540)
843507(529)
843517(510)
844383(518)
844386(499)
844388(525)
844390(530)
844392(481)
844503(479)
844504(523)
844505(463)
844507(483)
844508(438+ 2)
844393(469)
844394(453)
844396(513)
844398(457)
844399(494)
841183(534)
841185(509)
841186(479)
841187(541)
841189(450)
841174(471)
841175(511)
841176(517)
841177(474)
841178(443)
841190(460)
841192(441)
841194(514)
841195(470)
841196(464)
841203(463)
841204(508)
841205(542)
841206(477)
841208(448)
841198(458)
841199(500)
841200(484)
841201(494)
841202(540)
841037(459)
841049(448)
841051(518)
841172(505)
841173(486)
840303(496)
840305(485)
840320(542)
840323(477^ 3)
840566(526)
842150(518)
842151(505)
842156(445)
842157(482)
842158(543)
840715(490)
840718(532)
840719(455)
840722(483)
840723(538)
840762(469)
840765(472^ 3)
840769(500)
840776(464)
841034(461)
840724(474)
840726(502)
840748(517)
840754(486)
840757(498)
841209(491)
841210(515)
841211(526)
841212(530)
841215(490)
841839(502)
841842(449)
842052(500)
842112(517)
842113(507)
841821(435+ 5)
841823(454)
841824(442)
841830(476)
841831(497)
842116(487)
842120(459)
842124(445)
842125(538)
842131(536)
842142(530)
842144(458)
842145(516)
842147(440)
842149(466)
842134(452)
842135(492)
842137(524)
842138(503)
842140(483)
841816(520)
841817(481)
841818(435+ 5)
841819(451)
841820(465)
841223(538)
841224(498)
841226(501)
841227(518)
841228(472)
841216(525)
841217(482)
841218(525)
841219(529)
841221(442)
841230(530)
841531(481)
841532(458)
841572(448)
841575(451)
841805(487)
841807(525)
841808(477)
841810(532)
841813(474)
841576(493)
841691(469)
841801(508)
841802(483)
841803(489)
14
847720(445)
847721(544)
847722(456)
847728(438+ 2)
847729(436+ 4)
847707(455)
847709(470)
847710(481)
847713(440)
847717(445)
847732(506)
847733(512)
847735(483)
847737(473)
847739(455)
847756(446)
847759(461)
847761(447)
847763(500)
847767(450)
847740(500)
847741(461)
847749(527)
847751(436+ 4)
847752(459)
847533(507)
847534(515)
847701(534)
847703(494)
847706(494)
847072(541)
847075(503)
847078(508)
847079(496)
847081(508)
847082(538)
847211(451)
847213(462^ 3)
847331(501)
847332(544)
847514(487)
847517(510)
847519(497)
847520(450)
847526(545^ 3)
847335(458)
847340(480)
847341(445)
847512(506)
847513(506)
847778(488)
847779(479)
847780(444^ 2)
847781(477)
847782(491)
849126(486)
849129(442)
849130(495)
849131(538)
849135(475)
849119(513)
849120(494)
849122(466)
849124(535)
849125(495)
849136(486)
849142(486)
849143(510)
849146(518)
849147(512)
849114(476)
849115(539)
849116(460)
849117(445)
849118(440)
848137(495)
848142(483)
848145(460)
848147(523)
848149(464)
847789(462)
848124(441)
848125(512)
848128(469)
848132(509)
848159(460)
848162(444)
848163(482)
848661(501)
848861(479)
849104(494)
849105(472)
849107(520)
849111(524)
849112(451)
848996(446)
849009(507)
849101(518)
849102(469)
849103(480)
844988(443)
844999(480)
845001(535)
845003(523)
845009(490)
844974(465)
844977(540)
844981(460)
844982(463)
844984(471)
845012(439+ 1)
845015(469)
845019(533)
845021(542)
845024(471)
845052(542)
845582(479)
845586(458)
845588(481)
845589(532)
845028(523)
845037(502)
845041(507^ 1)
845043(499)
845049(515)
844953(538)
844957(500)
844958(489)
844966(440)
844968(467)
844548(528)
844550(523)
844553(510)
844558(536)
844560(484)
846952(503)
846953(483)
846958(460)
846959(502)
847071(503)
844564(525)
844567(459)
844569(459)
844573(501)
844575(464)
844931(513)
844936(515)
844937(513)
844944(438+ 2)
844950(447)
844576(436+ 4)
844580(503)
844581(538)
844582(522)
844583(524)
845590(440)
845594(465)
845596(465)
845599(490)
845600(438+ 2)
846731(479)
846732(507)
846734(470)
846736(516)
846737(464)
846242(481)
846372(467)
846591(441)
846682(518^ 3)
846724(451)
846740(521)
846742(479)
846745(475)
846746(486)
846748(450)
846932(495)
846933(517)
846938(459)
846942(463)
846945(448)
846752(485)
846756(532)
846757(504)
846758(471)
846931(512)
845650(502)
845651(495)
846131(522)
846235(439+ 1)
846237(475)
845614(453)
845615(521)
845618(464)
845619(458)
845620(435+ 5)
845601(477^ 2)
845602(538)
845606(475^ 1)
845608(451)
845610(503)
845622(472)
845623(536)
845626(499)
845630(474)
845631(489)
845641(437+ 3)
845642(494)
845646(446)
845647(500)
845648(463)
845632(480)
845636(478)
845637(472)
845638(508)
845639(504)
15
854198(482)
854201(504)
854202(532)
854374(469)
854377(436+ 4)
854052(487)
854182(492)
854183(506)
854186(443)
854192(519)
854379(468)
854393(474)
854400(509)
854402(496)
854409(522)
854706(466)
854708(538)
854711(452)
854872(526)
854873(499)
854694(485)
854699(443)
854703(501)
854704(478)
854705(467)
854036(505)
854040(490)
854044(473^ 2)
854048(447)
854049(465)
853470(466)
853473(488)
853476(490)
853478(442)
853482(447)
853483(502)
853484(508)
853488(452)
853683(537)
853685(444)
853708(508)
853709(468)
853712(435+ 5)
854031(463)
854034(440)
853686(449)
853687(495)
853693(513)
853694(469)
853700(506)
854874(447)
854875(496)
854877(458)
854878(457)
854880(454)
856851(469)
857171(474)
857172(449)
857175(527)
857182(528)
856583(525)
856584(455)
856585(478)
856586(501^ 3)
856712(454)
857183(450)
857184(523)
857302(516)
857312(542)
857391(495)
856294(530)
856296(493)
856310(472)
856578(533)
856582(472)
854912(530)
854917(479)
854919(462)
854920(452)
854923(504)
854881(435+ 5)
854883(489)
854890(471)
854900(472)
854905(519)
855493(478)
855494(509)
855643(493)
856151(497)
856166(468)
856282(536)
856283(458)
856285(532)
856286(529)
856289(469)
856263(460)
856268(506)
856269(468)
856276(471)
856278(461^ 6)
850135(484)
850136(518)
850293(528)
850561(523)
850751(447)
849802(479)
849803(484^ 2)
850113(467)
850115(486^ 3)
850121(466)
850752(506)
850757(492)
850762(468)
850763(442)
850767(523)
850939(535)
850954(485)
850956(461)
850959(483)
850961(498)
850772(516)
850773(483)
850925(520^ 2)
850930(509)
850934(510^ 1)
849198(489)
849199(467)
849200(481)
849202(457)
849691(448)
849150(484)
849155(499)
849156(476)
849161(483^ 2)
849165(461)
853452(460)
853453(436+ 4)
853454(442)
853455(469)
853468(526)
849170(502)
849171(471)
849172(494)
849173(482)
849174(486)
849182(448)
849192(515)
849193(485)
849194(450)
849197(474)
849175(496)
849176(515)
849177(507)
849179(453)
849181(476)
850962(505)
850964(477)
850967(491)
850968(527)
850972(534)
852247(464)
852248(460)
852249(538)
852275(512^ 2)
852276(464)
851790(456)
851912(537)
852241(454)
852243(461)
852245(536)
852277(531)
852280(471)
852281(526)
852286(518)
852842(463)
853245(450)
853247(505)
853249(466^ 2)
853255(438+ 2)
853394(466)
852847(447)
852962(490)
852963(536)
852964(519)
853242(477)
851778(466)
851779(440)
851780(450)
851786(501)
851788(515)
850983(515)
850985(453)
850987(499)
850991(486)
850992(500)
850973(516)
850975(470)
850977(497)
850979(493)
850981(521)
850995(501)
850996(459)
851354(505)
851363(496)
851369(505)
851396(537)
851397(479)
851409(483)
851413(484)
851776(436+ 4)
851374(477)
851376(480)
851378(474)
851390(517)
851394(458)
16
863157(481)
863185(507)
863189(503)
863191(461)
863193(453^ 1)
862190(456)
862852(488)
863027(511)
863151(535)
863154(490)
863412(488)
863415(507)
863417(499)
863418(494)
863421(459)
863658(448)
863659(530)
864041(497)
864042(534)
864092(480)
863621(512)
863638(484)
863639(449)
863652(478)
863655(511)
862026(486)
862027(460)
862031(496)
862181(454)
862185(465)
861037(453)
861044(456)
861045(470)
861049(522)
861055(531)
861195(506)
861201(475)
861493(503)
861494(439+ 1)
861495(472)
861821(464)
861908(495)
861909(532)
862019(443)
862022(474)
861682(517)
861725(479)
861734(501)
861812(497)
861819(513)
864093(499)
864633(439+ 1)
864634(535)
864638(531)
864640(525)
865080(502)
865085(459)
865086(458)
865089(485)
865091(504)
865068(477)
865072(435+ 5)
865074(455)
865075(537)
865076(436+ 4)
865094(474)
865096(476)
865302(510)
865304(483)
865307(448)
865060(481)
865061(444)
865062(465)
865065(475)
865066(479)
864656(484)
864658(541)
864659(453)
864660(490)
864662(441)
864641(504)
864642(460)
864650(464)
864652(478)
864654(447)
864663(481)
864664(448)
864666(517)
864671(489)
864676(462)
865051(466)
865052(498)
865054(540)
865058(453)
865059(459)
864677(477)
864680(528)
864697(488)
864703(531)
864705(475)
858182(466^ 3)
858326(441)
858328(470)
858334(459)
858335(515)
858105(450^ 3)
858172(455)
858176(478)
858178(483)
858181(529)
858336(435+ 5)
858337(518)
858340(457)
858341(495)
858343(502)
858362(452)
858363(534)
858364(521)
858366(521)
858371(456)
858347(475)
858349(440)
858355(516)
858357(488)
858360(473)
857807(513)
857813(454)
857818(540)
858061(508)
858103(447^ 2)
857446(504)
857447(452)
857454(522)
857456(489)
857457(519)
860976(475^ 3)
861031(486)
861032(471)
861035(527)
861036(468)
857553(481)
857557(462)
857558(438+ 2)
857559(451)
857560(435+ 5)
857578(514)
857580(438+ 2)
857581(513)
857586(474)
857795(449)
857561(446)
857562(450)
857563(502)
857565(497)
857573(455)
858373(473)
858378(455)
858379(496)
858381(453)
858382(469)
859804(508)
859805(477)
859808(487)
859994(528)
859997(449^ 3)
859793(531)
859795(454)
859796(466)
859797(479)
859803(454)
860001(485)
860002(455)
860003(494)
860008(474)
860011(523)
860873(488)
860874(482)
860876(527)
860971(448^ 2)
860974(457^ 2)
860371(477)
860711(438+ 2)
860763(528)
860764(542)
860765(525)
859782(470)
859786(481)
859788(509)
859790(489)
859792(507)
858767(435+ 5)
858861(500)
858862(435+ 5)
858865(453)
858869(450)
858383(462)
858385(515)
858387(475)
858393(495)
858763(466)
858870(503)
858871(488)
859021(513)
859022(465)
859023(522)
859644(456)
859646(543)
859649(523)
859652(497)
859654(511^ 1)
859024(508)
859142(527)
859281(488)
859582(501)
859583(512)
17
808181(418)
808183(403)
808202(428)
808229(421)
808271(414^ 3)
807246(414)
807671(421)
807682(433)
807692(435^ 1)
808111(423)
808282(426)
808299(391^ 2)
808348(423^ 3)
809163(420)
809667(422)
810140(408)
810454(431)
810455(403)
810465(407)
810472(415)
809723(415^ 3)
810101(416)
810103(434)
810104(426)
810122(424)
805172(423)
805829(397^ 3)
805840(429)
806518(432)
807117(423)
801348(433)
801502(418)
801858(405)
801872(399^ 3)
801908(433)
800042(432)
800046(431^ 1)
800052(414)
800078(427^ 3)
801116(425)
801941(433)
802520(416)
802541(419)
802612(426)
803954(428)
805136(427)
805138(429)
805139(423)
805147(418)
805150(431)
805086(413)
805092(432)
805096(409)
805130(410)
805132(399^ 3)
810483(429)
810520(423)
810595(406)
810597(395)
810644(409)
825469(433)
825478(426)
826062(431)
827023(424)
827024(419)
824822(427)
825058(423)
825257(408)
825262(430^ 3)
825468(419^ 3)
823227(437^ 3)
823235(426)
824346(411)
824812(429)
824819(430)
817961(416)
818069(426)
818594(430^ 2)
818604(406)
818611(413)
812186(402)
812555(423)
812589(434^ 1)
812983(434)
813760(419)
819605(422)
820170(393)
820190(433)
820524(426)
820944(431)
822772(418)
822787(412)
823122(420)
823125(433)
823226(433)
820989(421)
822384(404)
822402(400)
822757(416)
822768(411)
Grade : E
880702(457)
880841(445)
881162(486)
881201(533)
881264(441)
879768(468)
879822(529)
879876(517)
879931(447)
880701(541)
881268(438+ 2)
881271(529)
881274(467)
881421(467)
881457(524)
882122(520)
882123(522)
882130(527)
882242(517)
882351(479)
881458(442)
881521(455)
881551(537)
881554(467)
881558(492)
879711(480)
879714(440)
879715(535)
879761(520)
879762(483)
865884(472)
865893(509)
866231(487)
866446(507)
866450(509)
865308(509)
865310(486)
865311(534)
865314(455^ 3)
865751(512)
866452(494)
866453(496)
866454(486)
866552(448)
866553(471)
879381(452)
879383(466)
879384(524)
879503(447^ 3)
879505(460)
866555(510^ 1)
866556(520)
879321(452)
879322(495)
879324(491)
888851(506)
888921(543)
889291(504)
889561(444)
889752(531)
887793(455)
887871(489)
888093(481)
888141(453)
888281(446)
890271(444)
890324(521)
890391(495)
891082(444)
891083(517)
892112(466)
892116(502)
892571(459)
891141(462)
891143(452)
891472(486)
892021(518)
892063(469)
886721(466^ 3)
887244(505)
887291(451)
887761(465)
887791(436+ 4)
883926(531)
883927(468)
883930(534)
883931(504)
884755(447)
882911(544)
883222(472)
883223(461)
883681(489)
883891(476)
884756(472)
884801(529)
884804(533)
884861(523)
884862(529)
885904(499)
885908(461)
886283(441)
886335(440)
886571(462)
884863(508)
885193(461)
885441(472)
885533(454)
885902(444)
18
854194(434)
854371(405)
854682(429)
854683(414)
854684(422)
853684(419)
853692(430^ 3)
853697(433)
853698(415)
854041(403)
854686(423)
854691(390)
854885(437^ 3)
854897(430)
854898(429)
856271(402)
856301(414)
856304(429)
857455(402^ 3)
857576(421)
855212(423)
855213(398^ 3)
855215(433)
856165(406)
856262(430)
849139(429)
849141(430)
849149(419)
849151(373^ 3)
849159(411)
893001(399)
849167(425)
849195(424^ 3)
849201(431)
850006(418)
850008(395)
853244(421)
853251(437^ 1)
853260(433)
853457(421)
853465(410)
850951(428)
850969(429)
850988(439^ 2)
850997(424)
851908(425^ 2)
866442(419)
879385(429)
879386(419)
879502(434^ 3)
879932(422)
865309(419)
865422(431)
865883(420)
865887(432)
866441(395)
880801(420)
881555(406)
883225(397)
883230(431)
884404(423)
887245(419)
888923(428)
892061(415)
892111(404)
892114(411)
884751(434)
884754(426)
885191(426)
886221(428)
886225(431)
859642(424)
859647(411^ 5)
859648(422)
859781(423)
860871(419)
858102(422)
858327(432^ 1)
858345(409)
858365(418)
859581(431^ 3)
861038(433)
861053(409)
861452(408)
861820(425^ 2)
861902(402)
864707(418)
865055(410^ 1)
865056(434)
865063(417)
865071(430)
863014(412)
863019(392^ 3)
863194(415)
863197(428)
864693(416)
836755(429)
837267(419^ 3)
837274(426)
837287(433)
837745(419)
834554(432)
834577(410)
835252(400^ 3)
835648(420)
835656(436^ 3)
837750(423)
837759(427)
837773(430)
837788(433^ 3)
837813(438^ 3)
839741(433)
839745(432^ 1)
839750(426^ 2)
841050(433)
841193(426)
838332(420)
838767(410)
838776(426)
838834(426)
839702(433^ 3)
827057(405)
827435(427)
829586(414)
830225(420)
830791(421)
848381(432)
848761(425)
848999(407)
849123(417)
849132(427)
831288(427)
831304(421)
831314(433)
832044(421)
832054(425)
833196(418)
833477(419^ 1)
833501(431)
833835(424)
834134(431)
832059(429)
832060(432)
833153(411)
833182(432)
833187(425)
844572(429)
845010(427)
845026(430)
845592(431)
845593(411)
844062(428)
844391(418)
844518(417)
844536(409)
844561(434)
845603(414)
845604(401^ 2)
845605(392)
845607(430^ 3)
845625(428)
847522(433)
847723(432)
847725(419)
847769(419^ 5)
848121(416)
846321(434)
846940(411^ 2)
846956(433)
847076(433)
847339(425)
841838(428)
842130(412^ 3)
842393(423^ 2)
842399(427)
842422(420)
841197(421)
841571(426)
841573(427)
841814(434)
841825(395)
842661(426)
842669(417)
842685(434)
842687(427)
842696(425)
843182(429)
843445(431)
843453(402^ 3)
843458(424)
843511(427)
842698(423)
842716(420)
842736(428)
843143(422)
843154(433)
