Supplementary 
                  Examination of Commerce Regular
URL: https://www.biek.edu.pk/Result-2022/Supplementary/CMR/Result-Gazette-CMR-Supply-Annual-II-2022.pdf
Source: https://www.biek.edu.pk/LastResults.asp

1
NOTE: MARKS OBTAINED BY ALL THE SUCCESSFUL CANDIDATES ARE INDICATED WITHIN
MARKS) TO RAISE THEIR GRADES IN HARDSHIP CASES ARE INDICATED WITH PLUS(+) SIGN AND
PARANTHESIS AGAINST THEIR ROLL NUMBER AND THE EXTRA MARKS GIVEN (MAXIMUM FIVE
CANDIDATES BEARING THE FOLLOWING ROLL NUMBERS ARE DECLARED TO HAVE
PASSED THE INTERMEDIATE COMMERCE (REGULAR) GROUP PART - II (CLASS XII)
SUPPLY / ANNUAL - II EXAMINATION 2022.
305249(621)
305251(597)
305253(589)
305272(571)
305296(595)
304515(652)
304516(557)
305124(599)
305143(586)
305245(550)
305776(545+ 5)
305780(549+ 1)
305838(556)
305849(614)
306212(551)
307252(592)
307258(591)
307264(551^ 2)
307561(589)
307874(563)
306238(565)
306620(557)
306637(563)
306670(567)
306675(547+ 3)
304039(644)
304044(582)
304049(617)
304511(632)
304514(556)
301108(596)
301502(610)
301511(547+ 3)
301564(554)
301755(647)
301757(586)
301759(556)
301760(627)
301764(554^ 3)
301766(627)
303264(550)
303607(556)
303608(546+ 4)
303972(613)
303996(623)
302087(621^ 1)
302231(597)
302284(548+ 2)
302676(645^ 2)
303223(545+ 5)
308719(609)
308723(556)
308729(559)
308741(577)
308750(576)
308751(598)
308752(553)
308755(650)
308756(585)
308766(574)
300724(612)
300725(577)
300728(580)
301070(556)
301102(590)
300015(552)
300030(606)
300047(649)
300067(563)
300365(559)
300421(592)
300671(650)
300696(588^ 1)
300702(602)
300720(550)
Grade : C
313321(671)
315758(662)
316128(692)
317329(717)
317831(731)
318001(677)
318004(699)
319673(660^ 3)
319792(716)
320414(678)
321733(674)
321734(656+ 4)
321737(671)
322724(715)
323011(711)
300369(681)
300711(684)
301512(680)
305257(702)
306911(697)
308740(671)
308784(675)
310281(718^ 3)
311658(691)
311824(672)
311866(672)
311880(677)
312658(692)
313265(730)
313307(675)
336005(735)
340941(670)
340943(688)
341805(697)
346380(690^ 2)
348548(701)
351591(673)
359208(671)
359211(659+ 1)
370581(700^ 1)
372953(684)
***********
329826(745)
329834(728)
329840(676)
329844(660)
331516(658+ 2)
323753(660)
324797(755)
324801(662)
324805(696)
325041(690)
325046(658+ 2)
327516(696)
327534(688)
327535(731)
327542(714)
328345(736)
328609(694)
328624(679)
329802(718)
329823(744)
Grade : B
331512(783)
359210(793)
320626(820)
321108(799)
321726(782)
323061(848)
328852(770)
Grade : A
****NIL****
Grade : A-1
300001 - 399999
GRACE MARKS CASES ARE INDICATED WITH CARET(^) SIGN
2
320629(606)
320630(570)
320635(555)
320637(581)
321109(568)
320463(618)
320474(594)
320483(631)
320623(548+ 2)
320627(601)
321127(570)
321128(583)
321149(559)
321315(545+ 5)
321316(551^ 3)
321396(576)
321397(594^ 1)
321610(549+ 1)
321625(563)
321723(592)
321317(647)
321385(568)
321389(585)
321391(553)
321395(627)
320097(615)
320438(564)
320448(593)
320459(550)
320460(617)
317318(577)
317322(603)
317325(560)
317851(577)
317932(564)
318002(638)
318005(621)
318068(620)
318075(595)
318084(573)
318280(568)
318285(570)
318289(605)
319872(611)
319877(615)
318178(556)
318198(551)
318206(556)
318259(582)
318275(621)
321728(570)
321729(559)
321738(606)
322579(567)
322721(609)
325050(577)
325214(555)
325255(601)
325710(626)
325720(616)
325013(551)
325016(602)
325022(548+ 2)
325027(598)
325047(641)
326137(558)
326158(609)
326162(557)
326382(588)
326394(554)
324791(551)
324807(557)
324844(627)
324849(575)
325012(636)
322899(553)
323252(614)
323406(603^ 1)
323417(580)
323429(590)
322852(577)
322854(573)
322855(570)
322857(613)
322871(548+ 2)
323730(551)
323766(588)
323777(612)
323795(548+ 2)
323809(587)
324193(644)
324354(561)
324506(604)
324511(587)
324790(562)
323824(546+ 4)
323833(549+ 1)
323838(550^ 3)
324149(554)
324150(632)
311341(551)
311358(578)
311374(577)
311382(551)
311657(599)
310576(627)
310577(551)
310592(554)
310599(589)
310623(554)
311659(561)
311664(573)
311819(548+ 2)
311825(631)
311835(623)
311870(555)
311878(634)
311879(573)
311887(549+ 1)
311889(556)
311844(622)
311856(579)
311865(557)
311868(652)
311869(621)
310555(567)
310556(545+ 5)
310557(599)
310558(546+ 4)
310559(574)
308772(568)
308775(548+ 2)
308777(600)
308778(568)
308788(580)
317287(548+ 2)
317289(557)
317304(645)
317311(597)
317312(634)
308792(614)
308800(545+ 5)
309038(569)
309039(575)
309048(553)
309443(584)
309516(566)
309647(611)
310291(557)
310543(570)
309060(550)
309061(555)
309239(556)
309242(550)
309265(569)
311893(624)
311896(582)
311898(545+ 5)
312124(576)
312134(628)
315173(591)
315174(623)
315175(612)
315177(638)
315180(557)
314614(559)
314616(555)
314677(551)
314693(547+ 3)
314696(589)
316112(577)
316144(620)
316158(546+ 4)
316642(570)
316646(551)
317246(621)
317247(547+ 3)
317259(549+ 1)
317266(579)
317273(561)
316652(554)
316656(592)
317204(569)
317207(556)
317244(577)
314458(603)
314459(587)
314460(557)
314461(572)
314586(613)
312165(590)
312181(569^ 2)
312534(583)
312546(550)
312617(602)
312137(567)
312138(553)
312143(546+ 4)
312144(625)
312160(605)
312650(587)
313258(586)
313259(546+ 4)
313261(563)
313268(597)
313331(572)
313864(558)
314309(546+ 4)
314452(592)
314456(559)
313270(654)
313273(621)
313304(556)
313308(586)
313311(638)
3
300004(502)
300019(464)
300023(508)
300026(468)
300033(450)
Grade : D
346381(624)
347151(559)
347152(561)
347253(564)
347629(547+ 3)
345886(570)
346170(612)
346175(582)
346177(635)
346372(565)
348505(573)
348511(643)
348512(578)
348522(579^ 2)
348524(555)
348001(567)
348255(569)
348263(566)
348273(579)
348276(607)
343304(553)
345208(625)
345622(608)
345623(653)
345868(572)
340559(550)
340921(654)
340942(645)
341204(564^ 2)
341405(565)
339621(569)
339915(585)
340256(638)
340552(554)
340555(553)
342480(553)
342482(575)
342503(611)
342724(558)
342728(580)
341602(551)
341610(576)
341806(583^ 2)
341807(560)
342054(574)
366752(576)
368310(574)
370372(593)
370392(550)
370951(610)
364514(583)
365836(645)
366404(555)
366419(627)
366420(556)
372925(553)
374491(608)
375031(579)
375421(585)
377453(614)
371381(553)
371852(554)
371901(563)
372002(560)
372628(552)
360003(622)
360006(632^ 2)
361772(546+ 4)
362216(593)
363014(555)
348792(589)
348797(619)
349103(559)
349120(545+ 5)
349125(652)
348527(546+ 4)
348538(611)
348545(546+ 4)
348547(555)
348753(553)
354531(559)
357001(547+ 3)
357452(584)
359209(622)
359646(589)
349129(600)
349131(588)
349661(568)
351941(547+ 3)
353919(567)
337820(647)
338251(627)
338254(653)
339616(551^ 2)
339618(614)
328353(549+ 1)
328354(646)
328569(567)
328597(608)
328616(548+ 2)
328329(577)
328330(572)
328340(563)
328341(611)
328346(578^ 1)
328627(605)
328629(612)
328630(604)
328633(614)
328636(561^ 2)
329429(570)
329430(628)
329491(621)
329541(568)
329566(549+ 1)
328817(604)
328827(568)
328838(572)
328854(643)
328866(646)
327792(574)
327814(575)
328022(623)
328066(549+ 1)
328092(556)
326617(557)
326783(552)
326784(559)
326800(567)
326808(601)
326404(547+ 3)
326501(585)
326502(642)
326504(596)
326505(585^ 3)
326809(597)
326812(587)
327067(560)
327212(622)
327217(610)
327515(562)
327532(547+ 3)
327748(649)
327762(594)
327765(650)
327221(613)
327222(564)
327226(548+ 2)
327248(553)
327251(572)
331535(591)
331545(560)
331554(596)
331556(620)
331557(580)
331514(551)
331518(557)
331520(574)
331525(590)
331527(562)
331558(569)
331561(631)
331566(588)
331567(547+ 3)
331570(572)
334366(554)
335607(560)
335618(545+ 5)
336001(556)
337005(597)
331571(652)
333861(569)
334070(577)
334074(606)
334351(562)
331101(590)
331237(550)
331252(560)
331502(582)
331510(547+ 3)
329818(632)
329824(546+ 4)
329825(569)
329837(590)
329838(556)
329662(570)
329663(550)
329761(570)
329804(601)
329815(635)
329853(618)
329857(585^ 1)
329869(589)
329871(647)
329882(640^ 2)
330443(595)
330454(554)
330462(592)
330678(551)
330906(559)
329884(590^ 1)
329897(589)
330125(566)
330129(606)
330441(555)
4
302132(483)
302142(435+ 5)
302144(470)
302154(511)
302167(437+ 3)
302106(532)
302114(455)
302123(467)
302124(511)
302131(471)
302169(513^ 1)
302170(483)
302182(488)
302185(481)
302193(519)
302221(455)
302232(446)
302233(466)
302235(501)
302237(441^ 2)
302201(441)
302202(495)
302206(450)
302215(451^ 3)
302219(490)
302077(449)
302079(450)
302080(439+ 1)
302081(486)
302102(435+ 5)
301565(468)
301566(489)
301569(481)
301570(537)
301571(444)
301573(462)
301574(504)
301611(517)
301661(526)
301662(532)
301762(505)
301767(513)
301768(469)
301769(511^ 3)
301770(494^ 1)
301753(474)
301754(544)
301756(505)
301758(506)
301761(527)
302242(435+ 5)
302246(450)
302247(478)
302249(493)
302251(455)
303252(458)
303253(439+ 1)
303256(445^ 3)
303257(453)
303259(500)
303245(465)
303246(526)
303247(536)
303248(488)
303251(521)
303260(486)
303593(501^ 3)
303596(489)
303597(482)
303603(460)
303238(513)
303240(500)
303242(532)
303243(455)
303244(480)
302258(480)
302259(455)
302264(454)
302265(441)
302273(515)
302252(508)
302253(451)
302254(464)
302255(438+ 2)
302256(518)
302278(537)
302280(502)
302281(518)
302673(458)
302680(451)
302690(476)
303221(455)
303226(466)
303227(526)
303231(442)
302681(494)
302682(499)
302686(485^ 1)
302687(438+ 2)
302689(513)
300424(441)
300425(510)
300427(443)
300428(498)
300431(525^ 1)
300407(500)
300408(469)
300411(455)
300414(509)
300420(445)
300433(458)
300611(460)
300693(521)
300694(457^ 1)
300695(526^ 2)
300710(473)
300712(472)
300717(453^ 4)
300722(462)
300723(526)
300700(503)
300703(540)
300707(546^ 3)
300708(473)
300709(481)
300394(478)
300395(497)
300396(436+ 4)
300401(510^ 1)
300402(514)
300039(438+ 2)
300040(446)
300045(535)
300053(453)
300056(487^ 3)
301554(455)
301555(441)
301561(533)
301562(502)
301563(474)
300060(482)
300062(478)
300132(488)
300173(515)
300174(441)
300363(454)
300364(463)
300366(520)
300368(473)
300391(516)
300175(445)
300242(502)
300243(482)
300244(469)
300303(435+ 5)
300726(544)
300727(522^ 2)
300732(475)
300733(493)
300735(484^ 3)
301111(452)
301112(482)
301115(515)
301116(497)
301117(498)
301097(465^ 1)
301099(451)
301101(452^ 3)
301107(508)
301110(516)
301119(520)
301122(475)
301123(458^ 2)
301124(520)
301128(493)
301533(457)
301535(492)
301551(479)
301552(492)
301553(499)
301129(469^ 2)
301130(467^ 2)
301132(446^ 1)
301531(535)
301532(522)
301090(495)
301091(444)
301093(456)
301095(476)
301096(500)
301057(454)
301059(467)
301061(471)
301062(440)
301064(486)
300736(465^ 3)
300749(476^ 1)
300752(463)
301054(470)
301056(446)
301066(488)
301067(505)
301068(474)
301071(543)
301073(476)
301081(435+ 5)
301084(437+ 3)
301085(478)
301086(500)
301089(519)
301074(454)
301076(456)
301078(437+ 3)
301079(438+ 2)
301080(441)
5
306611(526)
306612(450)
306613(486)
306614(466)
306615(448)
306229(498^ 1)
306233(521)
306234(541)
306237(480)
306240(491^ 3)
306616(481)
306617(509)
306618(489)
306619(490)
306621(443)
306638(446^ 3)
306639(522^ 2)
306643(450)
306645(435+ 5)
306646(480)
306622(469)
306623(488)
306628(437+ 3)
306629(454)
306636(484^ 1)
306214(511)
306218(536)
306222(528^ 2)
306227(524)
306228(518)
305824(485)
305825(500)
305827(517)
305828(462)
305829(459)
305830(455)
305831(488)
305836(474)
305841(495)
305844(492)
305852(506)
305853(492)
305854(439+ 1)
305855(438+ 2)
305859(521)
305845(516)
305846(477)
305848(459^ 2)
305850(492)
305851(488)
306649(464)
306650(505)
306651(456)
306653(472)
306654(457)
307567(528)
307568(481)
307569(536)
307573(544^ 2)
307871(537)
307271(542)
307273(542)
307275(509)
307565(478^ 3)
307566(493)
307872(534)
307877(499)
308096(460)
308217(486)
308246(484)
307260(490)
307261(536)
307263(478)
307265(501)
307269(441^ 2)
306671(514)
306673(437+ 3)
306674(499)
306676(499)
306677(533)
306655(441)
306660(528)
306665(451)
306666(470)
306668(501)
306933(448)
306938(476)
306965(502)
306996(460)
307144(473)
307152(465)
307153(474^ 2)
307251(504)
307254(457)
307256(456)
307146(478)
307147(519)
307148(470)
307149(470^ 3)
307151(451)
304002(450)
304009(454)
304025(516)
304029(526)
304033(543)
303971(507)
303973(525)
303978(505^ 1)
303997(471)
303998(536)
304040(513)
304047(487)
304055(446)
304062(529)
304070(468)
305123(439+ 1)
305131(444)
305132(472)
305135(437+ 3)
305137(456)
304075(453)
304077(461)
304512(509)
305054(477)
305121(463)
303952(446)
303955(507)
303960(451)
303962(527)
303967(473^ 3)
303605(456)
303610(459^ 3)
303612(465^ 1)
303617(451)
303630(456^ 1)
305811(461)
305812(482^ 3)
305818(482)
305820(537)
305823(489)
303632(503)
303633(477)
303637(539)
303641(522)
303646(455^ 3)
303926(456)
303933(460)
303940(497)
303950(537)
303951(492)
303902(440^ 1)
303904(473)
303909(458^ 1)
303914(461)
303922(515)
305139(464)
305140(449)
305141(510)
305145(451)
305150(470)
305775(457)
305777(452)
305778(464)
305779(443)
305781(500)
305770(476)
305771(483)
305772(484)
305773(458)
305774(507)
305782(458)
305783(475)
305784(441)
305786(468)
305787(444)
305801(504)
305802(491)
305803(519)
305806(475)
305810(465)
305788(522)
305789(520)
305791(448)
305798(452)
305800(449)
305761(493)
305762(489)
305763(472)
305764(452)
305769(476^ 1)
305268(477)
305269(519)
305274(528)
305275(532)
305276(462^ 3)
305242(450)
305247(507)
305260(494)
305262(475)
305265(498)
305280(507)
305282(441)
305283(479^ 1)
305285(443^ 2)
305292(481^ 3)
305752(464)
305753(507)
305755(475)
305757(453)
305758(476)
305293(497)
305294(527)
305298(520)
305299(494)
305751(463)
6
309669(478)
309670(461)
309672(455)
309673(451)
309674(445)
309664(493)
309665(435+ 5)
309666(442)
309667(503)
309668(516)
309675(501)
309676(451)
309677(460^ 1)
309679(446^ 1)
309684(508)
309802(471)
309813(497)
309815(454^ 1)
309821(456)
309825(486^ 4)
309685(461)
309688(494)
309689(454)
309691(497)
309693(439+ 1)
309657(492)
309659(497)
309660(441)
309661(516)
309663(543)
309488(448)
309497(516)
309498(446)
309499(452)
309504(486)
309512(465)
309517(445)
309531(436+ 4)
309536(481)
309622(451^ 3)
309648(459^ 2)
309649(486)
309651(480^ 2)
309653(512)
309656(496)
309630(442)
309642(465^ 2)
309643(454)
309645(462)
309646(511)
309832(457^ 1)
309933(448^ 2)
309934(444^ 2)
309938(512)
309951(437+ 3)
310544(458)
310545(490)
310547(458)
310548(474)
310549(438+ 2)
310527(463)
310528(461^ 3)
310529(533)
310540(438+ 2)
310541(472)
310551(486)
310560(524)
310561(478)
310564(482)
310565(457)
310316(443)
310318(447)
310523(499^ 1)
310524(461)
310526(451)
310131(520)
310133(518)
310139(471^ 3)
310140(467^ 3)
310142(484^ 3)
309953(443)
309960(471)
309972(463)
309973(470)
309989(463)
310148(443)
310273(522)
310277(452^ 3)
310278(479^ 3)
310285(461^ 3)
310301(514)
310307(464)
310311(447)
310312(523^ 3)
310313(484)
310288(465^ 1)
310292(514)
310294(512)
310295(519)
310298(464)
308746(501)
308747(539)
308748(465)
308749(462)
308753(470)
308739(510)
308742(510)
308743(522)
308744(526)
308745(519)
308754(510)
308758(499)
308759(475)
308760(478)
308761(482)
308768(513)
308769(464)
308770(487)
308771(462^ 1)
308773(469)
308762(528)
308763(497)
308764(518)
308765(524)
308767(464)
308734(542)
308735(492)
308736(531)
308737(449^ 2)
308738(485)
308247(461)
308259(440)
308271(504^ 2)
308285(491)
308701(487)
309262(445^ 3)
309264(459)
309448(527)
309471(453^ 3)
309472(453)
308703(487^ 1)
308704(489)
308705(497)
308709(526)
308713(517)
308727(466^ 1)
308728(528)
308730(527)
308731(492)
308733(535)
308714(445)
308718(480)
308724(452)
308725(514)
308726(504)
308774(536)
308776(514)
308779(478)
308780(485)
308782(495)
309056(479^ 3)
309057(500)
309059(494)
309062(523)
309064(475)
309049(536)
309050(521)
309051(514)
309052(519)
309054(502)
309065(497)
309066(444)
309231(491)
309232(496)
309234(519)
309244(467)
309246(463)
309249(469)
309251(462^ 1)
309252(515)
309235(463^ 1)
309236(505)
309237(491)
309240(455)
309241(465^ 1)
309037(501)
309040(504)
309042(512)
309043(479)
309044(489)
308793(483)
308794(454^ 3)
308797(480)
308798(528)
308799(435+ 5)
308785(478)
308786(525)
308789(467)
308790(465)
308791(440)
308802(540)
308804(461^ 1)
308805(514)
308806(449^ 4)
308807(440)
309030(514)
309031(449)
309033(520)
309034(533)
309036(461^ 2)
309023(527)
309026(480)
309027(488)
309028(490)
309029(491)
7
311877(524)
311883(464)
311884(513)
311885(468)
311888(501)
311871(488)
311872(533)
311874(494)
311875(499)
311876(501)
311890(527)
311894(525)
311895(519)
311897(518)
311901(479)
312136(479^ 3)
312140(477)
312141(436+ 4)
312145(478)
312147(436+ 4)
311904(493)
312121(500^ 3)
312122(438+ 2)
312130(464)
312131(448)
311859(505)
311861(482)
311862(447)
311863(525)
311867(518)
311832(517)
311833(531)
311834(446)
311836(469)
311838(469)
311839(474)
311840(472)
311841(454)
311842(491)
311843(472)
311853(503)
311854(471)
311855(480)
311857(447)
311858(490)
311845(463)
311847(484)
311850(439+ 1)
311851(524)
311852(498)
312150(508)
312152(487)
312153(489)
312154(487)
312158(471)
312565(483)
312566(446)
312567(465)
312568(483)
312569(493)
312558(513)
312560(448)
312562(466)
312563(521)
312564(525)
312571(483)
312573(517)
312574(498)
312575(452)
312576(451^ 3)
312551(436+ 4)
312552(491^ 2)
312553(484)
312555(465)
312557(523)
312173(464)
312174(453)
312177(466)
312180(529^ 3)
312187(541)
312159(532)
312161(476)
312162(495^ 1)
312163(507)
312166(456)
312195(447)
312531(472)
312533(460)
312535(525)
312537(481)
312544(479)
312547(448)
312548(498)
312549(453)
312550(472)
312538(535)
312539(463)
312540(517)
312541(514)
312542(487)
310610(497)
310611(483)
310614(497)
310616(474)
310617(522)
310602(487)
310604(454)
310605(436+ 4)
310608(451)
310609(458)
310618(509)
310619(480)
310620(462)
310621(520)
310622(474)
310931(496)
310937(490)
310939(468^ 2)
310951(436+ 4)
310955(453)
310624(489)
310627(445)
310629(463)
310630(437+ 3)
310631(451)
310595(485)
310596(513)
310597(439+ 1)
310600(529)
310601(501)
310566(537)
310568(443)
310569(490)
310570(509)
310573(458)
311826(527)
311827(486)
311829(516)
311830(482)
311831(534)
310574(473)
310575(471)
310578(472)
310579(435+ 5)
310580(479)
310588(449)
310589(467)
310590(487)
310591(498)
310594(481)
310581(443)
310583(457)
310585(526)
310586(478)
310587(468)
310959(540)
310978(503)
310982(474^ 3)
310985(449^ 3)
310990(474)
311651(480)
311652(523)
311654(508)
311656(504)
311660(498)
311387(438+ 2)
311390(470)
311393(498^ 2)
311403(525^ 1)
311404(537)
311661(510)
311662(534)
311663(446)
311665(469)
311666(473)
311816(476)
311817(510)
311818(469)
311821(469)
311823(490)
311667(460^ 1)
311668(512)
311811(478)
311812(447)
311815(447)
311378(481)
311379(473)
311380(476)
311385(504)
311386(522)
311039(526^ 1)
311049(451^ 2)
311052(486)
311062(480)
311063(475)
310997(481)
311004(446^ 2)
311016(518^ 3)
311020(531^ 1)
311036(450^ 2)
311065(446^ 3)
311343(525)
311344(515)
311345(488)
311350(506)
311367(479)
311371(482)
311373(507)
311375(437+ 3)
311377(497)
311356(521)
311357(475)
311362(469^ 1)
311363(488)
311364(485)
8
314687(458)
314688(470^ 2)
314691(471)
314699(439+ 1)
314700(465)
314679(452)
314682(544)
314683(478)
314684(453)
314685(481)
314701(442)
314702(467)
314706(459)
314708(532)
314712(458^ 3)
314735(440)
314738(486)
315171(516)
315178(533)
315181(473^ 2)
314717(435+ 5)
314720(442)
314731(517)
314733(461)
314734(469)
314664(467)
314665(444)
314671(458)
314675(459)
314676(443)
314635(510)
314636(476)
314637(520)
314638(526)
314639(459)
314640(437+ 3)
314641(479)
314642(478)
314643(519)
314644(470)
314657(437+ 3)
314658(466)
314659(464)
314660(446)
314661(466)
314649(481)
314650(477)
314652(481)
314654(463^ 3)
314656(523)
315183(461)
315691(438+ 2)
315694(447^ 1)
315697(485)
315698(520)
316116(499)
316119(527)
316120(466)
316121(479)
316124(473)
315772(475)
315773(490)
316105(452^ 1)
316107(474)
316114(454)
316125(504)
316127(455)
316129(477)
316130(477)
316134(486)
315759(489)
315760(519)
315762(530)
315763(518)
315769(506)
315710(448)
315714(480)
315716(460)
315718(439+ 1)
315719(474)
315703(453)
315704(500)
315705(449)
315707(506)
315709(495)
315724(440^ 2)
315725(466)
315729(487)
315730(520)
315731(455^ 2)
315747(455)
315751(505)
315753(521)
315754(504)
315755(465^ 3)
315734(501)
315736(476)
315741(449)
315743(442^ 1)
315744(521)
312613(517)
312614(515)
312615(455)
312616(477)
312618(476)
312606(453)
312609(458)
312610(446)
312611(436+ 4)
312612(490)
312619(476)
312620(480)
312621(470)
312622(505^ 1)
312624(464^ 3)
312630(453^ 3)
312632(449)
312633(482)
312634(457)
312637(485^ 3)
312625(474)
312626(467)
312627(438+ 2)
312628(457)
312629(501)
312601(472)
312602(463)
312603(463)
312604(462)
312605(466)
312577(523)
312578(521)
312581(443)
312583(520)
312584(436+ 4)
314629(497)
314630(458)
314631(488)
314632(473)
314633(472)
312585(467)
312586(488)
312587(476)
312588(449)
312589(474)
312595(487)
312596(475)
312597(519)
312598(493)
312599(464)
312590(442^ 3)
312591(470^ 2)
312592(476)
312593(474)
312594(483)
312638(473)
312639(525)
312640(472)
312645(536)
312646(516)
314451(484)
314453(538)
314457(484)
314462(498^ 1)
314583(485)
314301(492)
314304(524)
314305(499)
314307(514^ 2)
314308(524)
314587(457)
314588(443)
314592(512)
314593(440^ 1)
314598(486)
314615(441)
314621(438+ 2)
314623(464)
314624(436+ 4)
314628(495)
314599(452)
314604(466)
314607(443)
314608(468)
314612(465)
314221(533)
314222(469)
314223(468)
314225(480)
314226(440)
312657(475)
313241(548^ 2)
313247(538)
313250(489)
313253(501^ 1)
312647(498)
312652(490)
312653(451^ 3)
312654(438+ 2)
312656(472^ 3)
313256(476)
313260(531)
313281(490)
313286(509)
313297(486^ 1)
313314(501)
313318(507^ 2)
313319(490)
313862(510^ 1)
313863(480^ 2)
313300(480)
313301(529)
313302(503)
313303(478)
313310(482)
9
318778(441)
318860(476^ 3)
318861(460^ 3)
318866(456)
319674(542)
318269(521)
318273(448)
318277(481)
318278(533)
318286(460)
319781(452)
319786(482)
319787(459)
319793(444)
319861(445)
320076(538)
320077(497^ 2)
320078(451)
320079(446)
320084(446^ 3)
319871(484)
319874(499^ 3)
319879(495^ 2)
319880(513^ 3)
319881(532)
318247(441)
318257(479)
318260(464)
318262(465)
318265(499)
317345(529)
317346(469)
317348(456)
318064(437+ 3)
318066(479)
318080(479^ 2)
318088(465)
318175(505)
318180(524)
318185(454^ 3)
318231(492)
318234(499)
318238(509)
318240(516)
318246(539)
318186(518)
318191(462)
318210(474)
318219(513^ 2)
318227(465)
320085(454^ 1)
320089(454)
320091(451)
320093(489)
320106(483)
321152(439+ 1)
321153(483)
321156(463)
321159(522)
321312(458)
321137(530)
321139(529)
321141(469)
321142(510^ 3)
321143(440)
321319(504)
321323(498)
321383(535)
321390(531)
321392(496)
321101(444)
321102(441^ 1)
321105(483)
321107(436+ 4)
321136(538)
320128(465)
320129(445)
320429(452)
320431(441)
320432(441)
320110(449)
320111(450)
320120(469)
320125(451^ 1)
320126(506)
320433(450^ 3)
320439(476)
320442(486)
320453(533)
320456(517^ 2)
320621(527)
320624(522)
320625(529)
320628(501^ 2)
320633(449)
320461(504^ 2)
320466(504)
320470(532)
320475(515)
320479(529)
316655(477)
316657(536)
316659(526)
316660(518)
316661(459)
316644(509)
316648(498)
316649(500)
316651(522)
316654(497)
316662(467)
316664(454)
316665(479)
316666(484)
316667(485)
316679(519)
316681(468)
316682(479)
316684(459^ 2)
316687(456)
316668(453)
316669(475)
316672(441^ 3)
316674(459)
316675(493)
316638(541)
316639(474)
316640(541)
316641(485)
316643(483^ 2)
316135(465^ 3)
316136(481)
316138(494)
316139(466)
316141(491)
317328(466)
317331(511)
317337(469)
317340(498)
317343(452)
316142(476)
316143(440)
316147(465^ 2)
316149(493)
316152(454)
316632(537)
316633(484)
316634(478^ 3)
316636(446)
316637(490^ 2)
316154(487)
316155(486)
316157(524)
316159(537)
316160(463)
316688(441)
316689(513)
316692(471)
316693(459)
316699(477)
317261(437+ 3)
317263(466)
317264(496)
317267(444)
317274(512)
317254(487)
317255(469)
317257(519)
317258(518)
317260(468)
317276(527)
317277(477)
317278(470)
317281(507)
317283(505)
317298(509^ 1)
317301(484^ 3)
317303(539)
317305(458)
317310(492)
317284(521)
317286(502)
317290(478)
317291(481)
317297(481)
317241(473)
317242(515)
317249(492)
317251(440)
317252(481)
317201(474)
317202(461)
317205(449)
317206(514)
317209(445^ 1)
316704(497)
316709(450)
316710(499)
316711(453)
316714(458)
317210(484)
317214(488)
317215(494)
317218(514)
317221(463)
317231(488)
317234(462)
317235(473^ 1)
317236(446)
317238(479)
317222(447)
317223(502)
317225(535)
317229(471)
317230(497)
10
324783(443^ 2)
324789(435+ 5)
324794(488)
324796(527)
324798(521)
324536(473)
324537(466)
324538(537)
324539(474^ 1)
324714(526)
324803(538)
324804(492)
324819(462)
324823(479)
324826(460^ 2)
325005(506)
325007(508)
325009(475^ 2)
325010(469)
325011(482)
324827(465)
324834(519)
324842(468)
324843(535)
325002(471)
324514(517)
324515(453)
324521(540)
324526(542)
324533(448^ 1)
324175(455)
324180(468^ 2)
324189(459)
324192(509)
324195(506)
324196(460)
324197(496)
324198(464)
324200(453)
324201(522)
324223(460)
324225(516)
324356(495^ 2)
324441(503)
324507(505)
324204(490)
324206(513)
324211(514^ 3)
324212(483^ 2)
324215(446)
325017(528)
325024(444^ 3)
325025(462^ 1)
325029(542)
325034(524)
325374(495)
325376(454)
325703(454)
325704(442)
325705(477)
325360(484^ 1)
325362(531)
325367(439+ 1)
325371(459)
325373(474)
325712(481^ 3)
325713(437+ 3)
325718(540)
325719(491)
325723(459)
325354(483)
325355(474)
325356(465)
325357(481^ 1)
325358(499)
325049(441)
325052(463)
325054(466)
325056(490)
325057(457)
325036(493)
325039(481)
325042(459)
325043(471)
325045(441)
325059(504)
325062(496^ 2)
325063(441)
325211(443)
325212(528)
325241(526)
325247(496^ 1)
325251(469)
325257(463)
325351(533)
325213(451)
325227(496)
325229(470^ 1)
325238(480)
325240(539)
322583(522)
322584(461^ 1)
322588(511)
322590(444)
322591(442)
322556(528)
322559(460)
322563(508)
322567(463)
322568(544)
322600(441)
322601(540)
322660(453)
322664(526)
322669(476)
322693(498)
322695(495)
322698(447^ 3)
322704(461^ 3)
322709(445)
322671(512)
322675(540)
322677(493)
322687(477)
322689(503)
322092(471)
322112(504)
322501(466)
322503(516)
322506(444)
321393(520)
321394(529)
321591(441^ 2)
321593(483)
321595(517)
324130(468)
324136(484)
324154(470)
324164(482)
324170(457)
321596(514)
321605(493)
321609(535)
321614(470)
321623(476)
321730(436+ 4)
321732(506)
321735(495)
321736(495)
322011(485)
321627(473)
321628(527)
321633(451)
321722(442)
321724(514)
322716(469)
322718(447)
322851(513)
322853(482)
322856(446^ 2)
323745(465)
323747(502)
323750(512)
323752(524)
323755(456)
323732(445)
323735(501)
323738(534^ 3)
323740(458)
323741(475^ 1)
323756(465)
323757(525)
323763(462)
323765(491)
323771(441)
323802(440^ 3)
323804(495)
323826(509^ 1)
323830(529)
323835(453)
323774(461)
323781(480)
323787(507)
323799(465)
323801(442)
323723(519)
323725(454)
323726(483)
323727(443)
323731(542)
322892(440)
322901(476)
322904(496)
323401(520)
323407(443)
322872(441)
322873(496^ 2)
322880(437+ 3)
322885(470)
322891(476^ 1)
323410(449)
323412(488)
323413(453)
323418(513)
323421(520)
323714(539)
323715(446)
323719(479)
323720(488)
323721(450^ 5)
323425(497^ 3)
323431(469)
323432(451)
323436(504)
323713(499)
11
328334(473)
328336(508^ 2)
328338(518)
328339(532^ 1)
328350(530^ 1)
328128(460)
328321(476)
328325(508)
328328(504)
328333(539)
328352(515)
328355(518)
328357(531)
328358(541)
328362(443)
328581(529)
328583(445^ 1)
328590(455)
328591(444^ 3)
328592(458)
328554(477^ 2)
328555(440^ 2)
328560(450^ 1)
328561(458^ 2)
328579(531)
328103(477)
328104(470)
328113(445)
328125(436+ 4)
328127(458)
327810(522)
328021(467)
328026(442^ 2)
328028(475)
328029(463)
328034(455^ 3)
328035(442)
328038(489)
328043(474)
328056(493^ 2)
328093(509)
328094(495)
328095(457)
328099(456)
328101(484^ 1)
328071(477^ 2)
328079(493)
328081(438+ 2)
328083(472)
328087(472^ 1)
328598(504^ 1)
328605(447)
328607(485)
328623(484^ 2)
328635(501)
329820(467)
329821(544)
329822(542)
329827(441)
329832(532)
329803(515^ 2)
329805(465)
329808(452)
329813(495^ 3)
329817(470)
329841(457^ 1)
329847(515^ 2)
329854(541^ 2)
329866(479)
329867(514)
329562(477)
329563(544)
329564(462)
329655(537)
329664(523)
328820(486)
328822(509)
328826(495)
328828(462)
328830(490)
328637(444^ 2)
328638(448)
328640(535)
328816(471)
328819(534)
328831(528)
328833(538)
328834(492)
328837(532)
328843(528)
329436(524)
329439(505^ 1)
329492(520)
329556(448^ 2)
329559(542)
328845(458)
328850(470)
328855(491)
329421(504)
329434(520)
326615(470)
326626(499)
326627(541)
326628(472)
326702(528)
326385(458)
326391(505)
326393(441)
326400(493)
326614(436+ 4)
326703(447^ 3)
326704(533)
326705(459)
326707(538)
326764(466)
326778(470)
326779(488)
326781(491)
326782(439+ 1)
326785(458)
326765(516)
326768(478)
326772(447)
326776(514)
326777(435+ 5)
326163(502)
326164(486)
326167(450)
326379(504)
326383(479)
325724(499)
325730(534)
325842(458^ 3)
325846(532)
325850(474)
327787(468)
327788(477)
327789(484^ 1)
327791(529)
327807(510^ 1)
325853(440)
325855(523)
325862(528)
325921(472)
325924(493^ 2)
326133(461)
326134(459)
326142(507)
326145(467)
326157(502)
325926(531)
326061(499)
326062(477)
326119(452)
326132(462)
326789(483^ 1)
326803(440)
326806(484)
326811(470)
326829(507)
327517(531)
327519(468^ 1)
327524(474)
327526(449)
327540(486)
327255(438+ 2)
327257(513)
327258(525)
327511(535)
327514(466)
327543(469)
327548(445)
327724(499)
327726(527)
327729(449^ 3)
327770(443)
327771(492)
327775(475)
327780(444)
327782(468)
327732(475^ 1)
327734(484)
327737(442^ 3)
327740(445)
327764(453)
327245(438+ 2)
327246(478)
327247(501^ 1)
327252(526)
327253(500)
327070(500)
327133(454)
327134(496)
327135(483)
327142(447)
326837(490)
327061(448)
327066(500)
327068(472)
327069(442)
327143(464)
327213(471)
327214(488)
327218(464)
327223(507)
327235(502)
327237(526)
327238(452)
327240(502)
327243(479)
327224(483)
327225(506^ 1)
327228(513^ 1)
327230(501)
327233(485)
12
335332(470)
335333(526)
335571(480^ 2)
335576(447^ 1)
335578(444)
334379(533)
335091(461)
335092(527)
335093(479)
335331(527)
335580(522)
335581(490)
335584(495)
335585(451)
335586(448)
335600(519)
335603(465)
335605(476)
335609(478)
335610(457)
335590(476)
335592(475)
335593(504)
335598(530^ 1)
335599(458^ 3)
334374(482)
334375(448)
334376(466)
334377(504)
334378(488^ 2)
333706(477)
333707(522)
334062(496^ 3)
334066(535)
334068(451)
334069(487)
334075(542)
334352(503)
334354(489)
334357(536)
334367(510)
334368(466)
334369(471)
334372(494)
334373(474)
334360(466^ 1)
334362(499)
334363(475^ 1)
334364(490)
334365(520)
335611(455^ 1)
335616(460)
335617(453)
335619(454^ 2)
335621(472)
337008(475)
337009(481)
337012(486)
337014(505)
337015(468)
336331(455)
337003(462)
337004(515)
337006(437+ 3)
337007(454)
337016(477^ 2)
337020(458)
337021(502^ 2)
337022(479)
337401(520)
335657(461)
335658(457)
335660(502)
335664(436+ 4)
336010(464^ 1)
335630(448)
335631(454)
335632(487)
335634(496)
335635(472)
335622(455)
335623(457)
335624(487)
335625(439+ 1)
335628(504)
335636(531)
335639(473)
335640(456)
335641(481)
335642(492)
335649(486)
335650(441)
335653(499)
335654(437+ 3)
335656(470)
335644(486)
335645(470)
335646(528)
335647(509)
335648(491)
330629(467)
330637(510)
330638(458)
330660(471^ 1)
330664(448^ 3)
330476(450)
330615(478)
330617(456)
330622(501)
330626(513)
330665(480)
330666(507)
330667(496^ 3)
330669(458)
330670(484^ 2)
330905(487)
330941(477)
331032(521)
331203(521)
331204(484)
330671(497)
330672(466)
330673(502)
330675(508)
330904(463)
330433(536)
330444(523)
330448(505)
330465(478)
330466(508)
329868(509)
329875(530^ 3)
329876(523)
329879(500)
329881(520)
333699(488)
333701(477)
333702(497)
333703(469)
333704(490)
329883(464)
329885(504^ 3)
329890(481)
329896(464^ 1)
329903(473)
330128(473)
330131(478)
330133(496)
330136(518)
330432(494)
329905(519)
329908(508)
329909(482)
329910(536^ 2)
330127(474)
331206(442)
331221(457)
331225(509)
331226(523)
331231(471)
333008(455)
333009(450)
333010(483)
333016(438+ 2)
333211(489)
331569(488)
331572(472)
331881(513)
331884(493)
331994(455^ 3)
333282(465)
333641(477)
333642(513)
333643(443)
333681(467)
333692(513)
333693(515)
333694(463)
333697(506)
333698(529)
333682(474)
333685(520)
333686(454)
333687(516)
333689(490)
331543(491)
331547(445^ 2)
331562(469)
331563(537)
331568(486)
331249(470^ 1)
331253(510)
331259(444)
331260(484^ 3)
331261(451^ 1)
331234(535)
331238(464^ 3)
331239(543)
331243(492)
331247(454)
331262(504)
331263(474)
331267(494)
331269(522)
331272(519)
331515(502)
331517(505)
331519(464)
331534(467^ 1)
331540(506)
331273(542)
331275(523)
331506(514)
331509(488)
331511(471)
13
344310(467)
344311(543)
344312(441)
344313(455)
344314(544)
344303(501)
344304(457)
344305(462)
344307(444)
344309(490)
344316(525)
344317(452)
344318(455)
344319(521)
344320(507^ 2)
344329(515)
344604(473)
344608(467)
344610(461)
344616(459)
344321(446)
344322(465)
344326(514)
344327(482)
344328(497^ 1)
343536(486)
343540(496)
343735(435+ 5)
343911(484)
344302(460)
342729(464)
342730(477)
342851(466)
342853(497^ 2)
343041(437+ 3)
343093(447)
343094(450)
343095(437+ 3)
343098(437+ 3)
343099(443)
343309(507)
343526(533)
343528(462)
343532(481^ 2)
343533(484)
343100(436+ 4)
343102(507)
343302(520)
343305(477)
343306(479)
344618(475)
344622(436+ 4)
344627(453)
344642(456)
344643(463^ 3)
345878(469)
345882(454)
345884(503)
346152(520)
346153(459)
345866(511)
345870(457)
345873(451)
345876(541)
345877(499)
346154(467)
346155(444^ 2)
346158(541)
346159(468)
346160(474)
345625(529)
345626(446)
345628(491)
345861(453)
345863(449^ 3)
345206(443)
345207(476)
345209(440)
345211(524^ 1)
345214(505)
344650(528)
344651(496)
344657(518^ 2)
344659(439+ 1)
345204(460)
345402(527)
345403(513)
345405(521)
345406(475)
345407(445)
345617(488^ 2)
345618(470)
345619(474)
345620(489)
345624(497)
345408(487)
345611(453)
345614(536)
345615(439+ 1)
345616(522)
339338(500)
339339(439+ 1)
339601(526)
339602(493)
339603(513)
339041(447)
339333(507)
339334(506)
339335(506)
339337(502)
339604(472)
339605(535^ 2)
339610(435+ 5)
339614(535)
339617(492)
339909(469)
339910(489)
339911(441)
339914(501)
339917(454)
339619(458)
339901(456)
339905(532)
339906(437+ 3)
339907(466)
337843(468^ 2)
337849(522^ 1)
337854(509)
338252(504)
338741(505)
337404(449)
337406(464)
337408(517)
337410(435+ 5)
337412(493)
342502(481)
342722(490)
342723(467)
342725(442)
342726(527)
337414(537)
337418(454)
337420(451)
337421(524)
337422(479)
337816(473)
337819(457)
337834(439+ 1)
337837(466)
337838(512^ 1)
337424(447)
337426(495)
337804(449^ 1)
337808(488)
337814(509)
339918(503)
339919(506^ 2)
339920(478)
340551(470)
340554(494)
342476(499)
342477(469)
342478(493)
342481(507)
342484(451)
342271(443)
342274(495)
342297(443)
342302(458)
342473(482^ 1)
342485(465)
342487(451)
342488(492)
342489(510)
342490(463)
342496(539)
342498(464)
342499(476)
342500(460)
342501(467)
342491(470)
342492(465)
342493(443)
342494(447)
342495(483)
342261(465)
342263(491)
342264(540)
342265(492)
342268(486)
340566(444)
341206(480)
341213(442^ 1)
341216(500)
341401(439+ 1)
340558(462)
340561(531)
340562(511)
340563(528)
340564(462)
341402(499)
341403(462)
341404(446)
341410(488)
341601(520)
342051(474)
342052(480)
342055(500^ 1)
342056(494^ 3)
342057(462)
341604(457)
341606(498)
341607(454)
341608(506)
341609(439+ 1)
14
350330(517)
350331(495)
350336(479)
350338(453)
350343(447^ 3)
350320(473)
350321(524)
350322(494)
350325(478)
350326(473)
350346(473)
350351(506)
350352(540)
350357(451^ 1)
350358(480)
352132(487)
352135(498)
352565(466^ 1)
352566(463^ 1)
352771(529)
350933(463)
350940(475)
350943(446^ 3)
351571(484)
352131(477)
349663(491)
349665(443)
349801(478)
350313(492)
350316(522^ 1)
349101(459)
349102(437+ 3)
349104(439+ 1)
349106(480)
349110(449)
349113(473)
349114(536)
349116(449^ 5)
349117(463)
349128(478)
349136(497)
349137(523)
349140(462^ 3)
349143(454)
349662(532)
349130(518)
349132(454)
349133(485)
349134(450)
349135(446)
352775(445)
352776(454^ 1)
353002(543)
353711(510)
353712(456)
363216(497)
363414(445)
363415(457^ 1)
363418(447)
363427(528)
362022(486)
362203(452^ 1)
362212(500)
363004(484)
363215(468)
363444(436+ 4)
363657(524)
363658(449)
363662(469^ 3)
363667(470)
359650(496)
359891(444)
359893(464)
360004(512)
361776(460^ 1)
354533(449)
354534(493)
355602(465)
355656(497)
355806(446^ 4)
353714(460)
353717(448^ 1)
354325(464)
354330(449)
354532(543)
355817(505)
356002(534)
356007(505)
357002(494)
357206(472)
359207(493)
359212(511)
359217(517)
359219(537)
359649(525^ 3)
357706(469)
357717(444)
358402(445)
359201(467)
359202(476)
346384(467^ 3)
346851(465)
346891(494)
347153(522)
347154(497)
346365(446^ 3)
346366(497)
346369(465)
346379(482)
346382(487)
347155(524)
347252(538)
347604(457)
347607(534)
347610(480)
347632(443)
347633(460)
347640(461)
348002(518)
348003(457)
347612(503)
347620(479^ 1)
347621(496)
347623(523)
347628(485)
346189(459)
346190(481)
346191(514)
346192(447)
346193(497)
346161(469)
346162(494)
346163(488)
346164(446)
346165(500)
348798(474)
348799(511)
348800(436+ 4)
348801(526)
348803(536)
346167(435+ 5)
346168(479)
346169(499)
346171(517)
346173(484)
346183(477)
346184(511)
346185(474^ 1)
346187(506)
346188(489)
346176(457)
346179(493)
346180(451^ 3)
346181(435+ 5)
346182(469)
348251(448^ 3)
348252(510)
348254(463)
348256(505)
348258(463)
348537(475)
348539(453)
348540(461)
348541(484)
348542(471)
348531(510)
348532(484)
348533(467)
348534(482^ 1)
348536(441)
348543(484)
348752(524)
348758(505)
348760(487)
348764(441^ 1)
348779(466)
348783(438+ 2)
348788(528)
348790(466)
348794(523)
348766(487)
348768(465)
348769(459)
348773(482)
348777(459^ 3)
348521(538)
348523(446)
348526(462^ 3)
348528(458)
348529(445)
348266(461)
348267(509)
348269(488)
348274(462^ 2)
348275(448)
348259(489)
348260(459)
348261(442)
348264(477)
348265(485)
348278(458)
348501(467)
348502(480)
348503(500)
348504(544)
348514(538)
348515(469)
348517(463)
348518(469^ 2)
348520(441)
348506(518)
348508(445)
348509(460)
348510(466)
348513(479)
15
302148(403^ 1)
302197(413)
302199(420)
302200(411^ 1)
302228(399^ 3)
302092(424^ 4)
302094(385^ 4)
302101(384^ 4)
302126(412^ 2)
302146(412)
302230(404^ 2)
302234(424^ 2)
302239(429)
302245(416^ 2)
302260(426)
303595(416)
303598(424^ 3)
303618(418)
303622(414^ 3)
303628(409)
302263(401^ 3)
302271(428)
303233(381^ 2)
303235(433^ 2)
303241(424)
300393(432^ 1)
300399(433)
300400(439^ 5)
300415(413)
300705(432^ 3)
300024(404)
300025(431)
300027(428)
300241(437^ 4)
300304(431)
300713(416^ 2)
300746(438^ 2)
300750(429)
300756(429)
301051(421)
301118(424)
301125(426)
301503(427)
302073(428)
302078(372^ 3)
301052(413)
301063(432)
301082(429)
301100(433)
301105(429)
303631(417^ 2)
303635(413^ 3)
303636(403^ 3)
303643(431^ 3)
303648(410^ 3)
306667(436^ 2)
306942(426^ 2)
306959(437^ 1)
306967(434)
306969(433)
305856(425)
306220(437^ 1)
306641(427^ 2)
306656(420)
306657(423^ 2)
303947(429^ 2)
303969(418)
304018(402^ 3)
304026(434^ 2)
304059(414)
303903(424^ 3)
303925(414)
303929(423)
303930(425^ 3)
303938(422)
304071(427)
304079(434)
304080(420)
305101(410^ 2)
305138(427^ 2)
305795(420^ 2)
305804(435^ 3)
305805(421)
305826(433)
305837(417^ 1)
305271(406)
305765(424^ 1)
305766(421^ 3)
305792(429^ 3)
305793(419^ 1)
Grade : E
377192(485^ 3)
377194(468)
377195(441^ 3)
377454(483^ 2)
376912(499)
376932(490)
377092(444)
377183(492)
377184(534)
370551(451)
370552(463)
370861(456)
370954(479)
371014(451^ 1)
370373(526)
370375(456)
370377(440^ 1)
370411(510)
370412(440)
371121(468^ 1)
371432(490)
371435(459)
371436(492)
371491(503)
371931(515)
371933(460)
372001(438+ 2)
372004(438+ 2)
372006(456)
371493(475)
371821(496)
371902(464)
371903(482)
371905(464)
368501(440)
368502(446)
368504(443)
368931(531)
370371(454)
364512(474)
364513(503)
365002(509)
365003(481)
366401(504^ 3)
363911(490)
364221(436+ 4)
364222(495^ 1)
364223(463)
364227(508)
366402(511)
366406(477)
366410(454)
366418(521)
366421(532)
367001(467)
367006(501)
367221(450)
367451(515)
367551(485)
366422(536^ 1)
366757(518)
366759(528)
366761(508)
366764(542)
373043(507)
373044(444)
373045(457)
373046(500)
373047(453)
373011(465)
373012(447)
373015(480)
373016(446)
373042(492)
373048(488)
373072(526)
373073(486)
373074(493)
373075(492)
376292(464)
376431(506)
376432(460)
376561(496)
376873(447)
373411(485)
373441(506)
373841(487)
374492(485)
374561(452)
372982(447)
372983(447)
372984(519)
372985(485)
372986(482)
372231(452^ 2)
372232(490)
372233(488)
372393(501)
372394(466)
372007(517)
372022(458^ 3)
372162(497)
372164(531^ 1)
372201(466)
372531(439+ 1)
372622(502)
372625(452)
372626(492^ 1)
372627(458)
372924(450)
372951(450)
372952(485)
372954(488)
372981(461)
372651(453)
372652(475)
372653(440)
372681(517)
372921(441)
16
316670(425)
316671(431)
316680(427^ 3)
316697(402^ 1)
316700(402)
316145(434)
316151(420^ 2)
316153(434^ 2)
316156(428^ 3)
316663(405)
316706(412)
316707(391^ 3)
316713(430)
316715(408)
317208(401)
317233(384^ 3)
317237(425^ 1)
317243(428)
317245(430)
317250(410^ 1)
317212(428^ 2)
317217(428^ 2)
317219(423)
317220(395)
317227(416)
316113(429)
316117(436^ 3)
316118(433^ 1)
316131(436^ 2)
316132(431^ 2)
314704(424)
314709(416^ 3)
314710(429)
314713(431)
314714(429)
314715(429)
314716(430)
314718(420)
314719(418)
314723(411^ 3)
315717(434)
315722(387)
315745(414)
315768(433)
316108(422)
314725(434)
314727(427^ 3)
314736(414)
314737(408)
315702(421)
317262(417)
317272(422)
317279(434)
317282(433)
317288(426)
322555(434)
322574(429)
322887(437^ 3)
323422(422^ 2)
323424(419)
321111(414)
321117(403^ 1)
321321(409)
321617(425^ 4)
322173(434)
323748(432^ 3)
323758(428)
323768(421^ 2)
323780(430)
323818(432^ 1)
320425(403^ 2)
320430(423^ 1)
320437(416^ 2)
320443(429^ 3)
321106(432)
317327(426)
317330(399^ 2)
317332(420)
317338(426)
317350(406^ 3)
317292(432)
317296(409^ 1)
317300(395^ 2)
317324(414)
317326(412)
317351(410)
317353(398^ 1)
318065(422^ 1)
318091(399^ 2)
318174(418)
319672(405^ 4)
319677(430)
320080(421)
320115(437^ 5)
320117(423)
318202(427^ 2)
318772(404^ 5)
318781(420^ 3)
318857(394^ 3)
318864(424)
309495(415^ 2)
309496(417)
309501(404)
309513(432^ 3)
309514(421)
309473(411)
309481(416^ 2)
309482(433)
309486(431^ 1)
309491(416)
309524(433)
309530(433)
309532(402^ 4)
309626(402^ 5)
309650(426)
309818(433)
309828(431)
309939(430^ 3)
309947(431)
309965(430)
309655(425)
309678(410^ 2)
309680(414^ 1)
309683(429^ 3)
309812(419)
308757(424)
309041(418)
309058(423^ 3)
309248(432)
309444(410^ 3)
306972(434^ 3)
306976(416)
306989(424)
307154(415)
307253(430)
314672(391)
314680(428)
314689(410)
314690(404)
314694(407)
307255(431^ 2)
307266(420^ 1)
307270(433)
307272(428)
308132(381^ 3)
308243(416^ 3)
308284(438^ 3)
308707(431)
308708(422^ 3)
308715(425^ 1)
308181(437^ 3)
308188(439^ 1)
308228(427^ 3)
308229(429)
308230(380^ 2)
309966(419)
309969(414^ 1)
309976(408)
309977(415)
310134(434)
313293(439^ 1)
314262(424)
314464(430^ 2)
314581(409^ 3)
314584(427)
312642(430)
312644(434)
312649(410^ 2)
312655(407)
313289(431)
314594(425^ 3)
314600(422)
314605(418)
314617(426^ 3)
314622(428^ 3)
314655(424)
314663(420)
314667(426)
314669(426)
314670(415)
314625(435^ 2)
314627(425)
314646(414)
314647(426^ 1)
314648(423)
312194(424)
312554(423)
312607(402)
312608(393^ 3)
312636(418^ 1)
310606(409)
310941(425)
310952(429^ 2)
310958(435^ 3)
311003(416)
310314(405^ 2)
310546(427^ 3)
310571(426)
310584(425)
310598(427)
311051(430^ 1)
311061(412)
311400(430^ 4)
311405(434)
311813(424)
312156(403^ 1)
312175(415^ 3)
312186(410)
312188(390^ 2)
312192(435^ 1)
311848(418)
311849(383^ 1)
311892(409)
311899(432^ 3)
312123(430)
17
344602(431)
344617(427^ 5)
344626(429)
344632(437^ 5)
344639(427^ 1)
344315(431^ 1)
344323(424^ 3)
344324(434)
344325(424^ 2)
344331(422)
344645(408)
344653(433)
345205(429)
345612(429)
345613(407)
346370(422^ 2)
346376(432^ 3)
347251(394)
347603(415)
347606(429)
345862(418)
345867(386^ 4)
345883(430)
346172(408^ 2)
346364(407^ 1)
343535(411)
343541(405^ 4)
343542(398^ 4)
343544(421^ 1)
344306(427)
339913(432^ 1)
341409(425^ 2)
341603(403)
341605(418)
342298(419^ 3)
342299(388^ 2)
342301(395^ 2)
342479(429)
342486(430)
342504(403)
343303(396)
343307(424)
343424(401)
343427(392)
343521(432)
342721(435^ 3)
343091(404^ 2)
343101(411^ 3)
343103(423)
343203(410^ 1)
347609(424)
347611(415)
347613(416)
347615(391^ 3)
347626(400)
355821(421)
355823(433)
359458(414)
359468(418^ 2)
359641(426^ 2)
350945(416^ 1)
352773(413)
354328(420)
355601(420^ 2)
355654(425^ 3)
360621(427)
360764(382)
361941(402)
363002(375^ 6)
363003(401)
349115(429)
349126(433)
350359(397)
350802(411^ 2)
350934(427^ 2)
348507(429)
348519(423)
348525(436^ 1)
348535(399)
348544(426)
347631(411)
347637(418)
347639(420)
348268(422)
348272(418)
348759(416)
348767(432^ 3)
348771(403^ 2)
348775(381)
348776(404)
348802(430)
349107(397)
349109(411)
349111(425)
349112(402)
348781(429)
348782(402)
348787(406)
348791(409^ 3)
348796(418^ 2)
326148(429)
326165(423^ 1)
326380(382^ 2)
326381(423)
326761(438^ 2)
325911(417^ 3)
326104(425^ 2)
326106(429)
326109(416^ 4)
326118(431)
326774(431^ 5)
326788(398)
326797(424^ 1)
326802(416)
326815(439^ 3)
327520(414)
327727(415^ 1)
327744(426)
327753(410)
327772(421)
326822(417^ 3)
327064(408)
327071(413)
327132(390^ 3)
327215(420^ 1)
325715(430)
325717(418^ 2)
325728(438^ 3)
325732(430)
325854(426^ 5)
323829(428)
323834(404^ 3)
324165(415)
324187(428^ 2)
324190(421^ 1)
337855(433)
339331(411)
339336(383)
339611(404)
339613(419)
324209(425^ 2)
324351(397)
324502(411^ 2)
324510(404)
324541(420^ 3)
325219(433)
325352(434)
325370(426^ 2)
325644(396^ 6)
325702(419)
324846(414)
325019(431)
325031(411)
325040(434^ 2)
325044(431)
328050(421^ 2)
328058(411^ 2)
328062(385)
328069(406)
328074(398^ 3)
333696(432)
333700(428)
335042(378^ 2)
335572(396^ 2)
335588(418)
331526(413)
331537(420^ 2)
331548(424)
331991(403)
333004(427)
335602(414^ 2)
335606(392)
335608(393)
335614(424)
335637(423)
337010(421)
337402(418^ 4)
337411(412)
337828(415^ 3)
337836(430)
335643(426^ 1)
335652(412)
335655(420)
335662(434^ 2)
336009(402)
331255(428^ 3)
331266(410^ 1)
331282(430)
331501(412)
331505(431^ 1)
328594(426)
328618(420^ 3)
328632(432^ 2)
328836(419)
328841(390^ 3)
328077(414)
328078(398^ 3)
328089(435^ 1)
328116(400)
328129(429)
329551(414)
329850(424^ 1)
329858(436^ 4)
329878(436^ 3)
329886(405^ 1)
330457(413)
330461(407)
330636(414^ 4)
331033(421^ 2)
331228(420)
329889(430)
329895(419^ 3)
330439(429)
330446(420^ 3)
330456(419^ 6)
18
377093(417)
377181(428)
377232(432)
377442(432)
372861(416)
372923(390^ 2)
373013(423^ 1)
374261(428)
375092(431)
376823(429)
376851(430)
376852(428)
376853(407)
376933(430)
371904(400)
372005(426)
372391(427)
372592(404^ 1)
372621(415^ 3)
363010(424)
363423(431^ 2)
363425(433)
363433(413^ 3)
363445(430^ 1)
367005(411^ 2)
369182(420)
370021(412^ 3)
370391(408)
371061(435^ 3)
.
