Supplementary 
                  Examination of Commerce Private
URL: https://www.biek.edu.pk/Result-2022/Supplementary/CMP/Result-Gazette-CMP-Supply-Annual-II-2022.pdf
Source: https://www.biek.edu.pk/LastResults.asp

1
NOTE: MARKS OBTAINED BY ALL THE SUCCESSFUL CANDIDATES ARE INDICATED WITHIN
MARKS) TO RAISE THEIR GRADES IN HARDSHIP CASES ARE INDICATED WITH PLUS(+) SIGN AND
PARANTHESIS AGAINST THEIR ROLL NUMBER AND THE EXTRA MARKS GIVEN (MAXIMUM FIVE
CANDIDATES BEARING THE FOLLOWING ROLL NUMBERS ARE DECLARED TO HAVE
PASSED THE INTERMEDIATE COMMERCE (PRIVATE) GROUP PART - II (CLASS XII)
SUPPLY / ANNUAL-II EXAMINATION 2022.
70777(490)
70901(457)
70905(479)
70906(452^ 1)
70907(493)
70766(455)
70767(486)
70768(439+ 1)
70770(465)
70771(530)
71426(510)
71465(450)
71602(525)
71603(467)
71701(479)
70951(502)
70953(468)
71053(444)
71361(516^ 1)
71362(444^ 1)
70756(449)
70758(526)
70759(481)
70763(503)
70764(511)
70453(497^ 2)
70501(462)
70505(441^ 2)
70506(468)
70509(471)
70218(513)
70301(528^ 1)
70356(455)
70451(443)
70452(448)
70555(443)
70621(507)
70652(512^ 1)
70658(454)
70754(509)
70512(497)
70513(490)
70514(509)
70553(500)
70554(479^ 2)
71802(510)
71807(494)
71902(485^ 2)
72001(494^ 3)
72102(536)
73002(489)
73051(458^ 3)
73154(468)
73202(513)
73303(529)
72104(513)
72151(448)
72251(531)
72801(480)
72805(488)
70210(498)
70211(535)
70213(499)
70215(475)
70217(493)
70102(444)
70103(452)
70104(490)
70105(518)
70109(436+ 4)
70006(503)
70013(476)
70015(462^ 3)
70019(445^ 2)
70101(472)
70110(488)
70112(439+ 1)
70113(504)
70151(455)
70152(534)
70205(471)
70206(519)
70207(506)
70208(514)
70209(518)
70153(466)
70154(449)
70201(534)
70202(468)
70204(479)
Grade : D
70769(569)
70773(587)
70774(599)
70776(626)
70904(584)
70954(551)
71002(619^ 2)
71304(563)
71503(653)
71504(634)
70155(551)
70156(571)
70212(567)
70504(547+ 3)
70510(565)
70651(611)
70655(578)
70657(605)
70752(614)
70757(577)
78251(545+ 5)
78852(563)
79751(562^ 2)
80501(555)
80904(619)
80954(643)
80955(580)
81301(609)
82503(598)
82504(560)
71801(583)
71806(566)
72804(603)
73053(562)
73404(597)
73701(551)
74901(617)
75251(612)
75551(564)
75552(582)
Grade : C
80502(763)
80905(681)
81251(738)
81252(723)
81253(724)
81254(709)
81255(723)
82903(677)
***********
Grade : B
80601(812)
Grade : A
****NIL****
Grade : A-1
70001 - 99999
GRACE MARKS CASES ARE INDICATED WITH CARET(^) SIGN
2
71452(402)
71506(379^ 1)
71803(427^ 1)
72802(429)
72901(417)
70760(427)
70765(412)
70772(430)
70775(420)
70952(430)
70114(434)
70203(431)
70216(396)
70303(429)
70358(425)
83902(427)
84101(419)
82952(418)
82953(423)
83151(393)
83551(402)
83702(430)
72902(430)
73151(424^ 2)
82651(417)
82652(420)
82901(410)
Grade : E
83901(485)
84102(476^ 1)
81201(487)
81202(458)
81203(518)
81204(486)
81205(486)
74951(520)
75853(487)
78253(467)
79551(450)
80903(529)
73403(489)
73406(517)
73451(451^ 3)
73601(446)
73603(481)
82654(526)
82701(510)
83102(441)
83251(484)
83503(458)
82505(500)
82551(501)
82552(448^ 1)
82601(519)
82653(493)
81501(521)
81551(496^ 3)
81651(521)
81952(535)
82301(507)
.
71601(363/600)
PASS
