Humanities 
                  Private Part II
URL: https://www.biek.edu.pk/Result-2022/Part-II/HTP/RESULT-GAZZETTE-HTP-ANNUAL-2022-PART-II-FINAL.pdf
Source: https://www.biek.edu.pk/LastResults.asp

1
NOTE: MARKS OBTAINED BY ALL THE SUCCESSFUL CANDIDATES ARE INDICATED WITHIN
MARKS) TO RAISE THEIR GRADES IN HARDSHIP CASES ARE INDICATED WITH PLUS(+) SIGN AND
PARANTHESIS AGAINST THEIR ROLL NUMBER AND THE EXTRA MARKS GIVEN (MAXIMUM FIVE
CANDIDATES BEARING THE FOLLOWING ROLL NUMBERS ARE DECLARED TO HAVE
PASSED THE INTERMEDIATE HUMANITIES (PRIVATE) GROUP PART - II (CLASS XII)
ANNUAL EXAMINATION 2022.
66128(779)
66137(778)
66213(837)
66228(810)
66256(831)
66046(765+ 5)
66063(767+ 3)
66076(859)
66079(777)
66086(854)
66485(806)
66490(788)
66501(770)
66504(852)
66515(767+ 3)
66267(815)
66272(772)
66403(783)
66472(814)
66477(856)
65982(770)
65983(794)
65986(781)
66015(863)
66022(778)
65689(772)
65690(772)
65698(767+ 3)
65763(819)
65766(836)
65538(862)
65552(867)
65566(806)
65596(771)
65687(816)
65876(774)
65881(805)
65889(841)
65894(866)
65899(838)
65804(858)
65851(829)
65873(798)
65874(839)
65875(796)
66519(826)
66534(769+ 1)
66604(862)
66614(862)
66620(811)
67018(783)
67019(810)
67306(772)
68307(782)
71007(794)
66653(766+ 4)
66681(868)
66682(823)
66687(800)
66783(857)
65446(792)
65461(792)
65507(774)
65510(801)
65534(785)
41635(789)
41638(767+ 3)
41643(813)
41937(801)
41938(810)
41986(813)
42239(804)
42380(780)
42501(774)
42552(785)
42553(768+ 2)
42557(773)
42560(771)
42566(783)
42567(804)
41398(779)
41412(779)
41479(765+ 5)
41480(784)
41580(841)
41048(850)
41049(820)
41073(793)
41114(822)
41295(766+ 4)
41296(771)
41302(840)
41306(784)
41390(828)
41391(773)
41392(816)
41393(809)
41394(801)
41395(832)
41396(814)
42573(773)
43407(797)
44211(800)
44614(770)
45810(829)
65228(786)
65230(828)
65256(819)
65257(765+ 5)
65277(851)
65285(805)
65356(838)
65389(782)
65404(808)
65430(805)
65431(851)
65432(816)
65436(827)
65439(790)
65440(791)
65190(868)
65191(831)
65219(789)
65220(786)
65225(828)
47513(830)
49513(765+ 5)
51676(861)
52503(796)
54021(816)
55501(816)
60403(809)
65026(845)
65049(806)
65053(779)
65064(841)
65065(846)
65066(846)
65106(800)
65168(829)
Grade : A
65553(906)
65584(905)
65685(883)
66052(904)
66207(920)
41177(900)
41304(877+ 3)
41794(962)
47033(884)
65384(879+ 1)
66431(883)
66487(892)
66506(876+ 4)
66507(932)
66508(880)
79034(907)
***********
66612(909)
66613(933)
68712(881)
73009(892)
73550(931)
Grade : A-1
41001 - 90999
GRACE MARKS CASES ARE INDICATED WITH CARET(^) SIGN
2
48031(664)
49006(696)
49009(680)
50008(673)
51629(687)
47520(748)
48006(668)
48009(740)
48018(703)
48025(705)
51650(702)
51662(698^ 2)
53019(679)
54003(691)
57801(743)
65043(758)
65044(689)
65046(753)
65050(679)
65052(749)
60002(666)
60601(667)
65019(676)
65025(758)
65040(703)
46201(681)
46404(727)
46614(660)
47011(667)
47515(676)
42556(710)
42563(755)
42564(692)
42565(754)
42570(688)
42572(724)
42574(764)
43410(713)
43607(668)
43626(688)
45023(716)
45024(668^ 2)
45807(690)
46001(752)
46004(667)
43809(663)
44203(760)
44212(676^ 2)
44213(750)
44217(676)
65054(744)
65056(748)
65058(659+ 1)
65060(667)
65062(737)
65427(755)
65445(743)
65447(751)
65452(678)
65453(759)
65400(743)
65402(685)
65403(664)
65407(668)
65419(712)
65454(694)
65455(706)
65463(734)
65478(717)
65480(687)
65378(667)
65382(671)
65383(700)
65385(756)
65395(701)
65107(687)
65109(658+ 2)
65151(677)
65153(688)
65158(665)
65069(707)
65083(719)
65089(717)
65099(673)
65101(709)
65193(724)
65211(690)
65223(663)
65226(697)
65231(737)
65293(744)
65295(739)
65362(668)
65367(688)
65368(665)
65251(714)
65261(722)
65263(660)
65274(688)
65290(729)
41291(735)
41293(694)
41294(664^ 1)
41297(743)
41298(685)
41309(657+ 3)
41311(720)
41376(757)
41377(725)
41380(688)
41414(764)
41460(724)
41481(703)
41482(754)
41485(704)
41167(674)
41176(673)
41178(738)
41181(663)
41279(682)
42504(658+ 2)
42512(725)
42551(739)
42554(658+ 2)
42555(687)
41006(686)
41050(724)
41055(659+ 1)
41122(707)
41123(674)
41126(699)
41142(762)
41143(760)
41161(688)
41164(681)
41491(666)
41568(728)
41572(674)
41625(757)
41626(661)
41922(661)
41926(747)
41929(736)
41982(764)
42153(692)
42161(728)
42173(670)
42202(686)
42205(710)
42223(683)
42229(674)
42240(734)
42245(674)
42265(760)
42305(704)
41853(722)
41864(682)
41889(692)
41914(727)
41919(755)
41633(711)
41640(675)
41648(709)
41704(754)
41705(682)
41706(684)
41753(678)
41767(733)
41776(679)
41784(734)
41786(730)
41789(705)
41792(688)
41798(664)
41811(701)
Grade : B
73018(810)
73518(852)
73525(867)
73543(843)
74529(848)
72040(784)
72522(839)
72525(789)
72530(803)
73016(786)
71009(840)
72016(783)
72025(775)
72033(820)
72035(853)
79040(809)
79046(813)
79507(823)
80019(770)
80021(804)
80024(779)
81002(801)
75011(802)
75022(796)
77049(787)
78001(765+ 5)
79009(779)
79011(796)
79027(857)
79028(851)
79029(865)
79039(821)
3
66789(702)
66790(707)
67021(669)
67029(722)
67308(658+ 2)
66713(669)
66784(663)
66785(681)
66786(757)
66788(677)
67309(655+ 5)
67319(711)
67603(675^ 2)
67604(701)
67605(672)
67614(665)
67616(692)
67617(668)
67620(753)
67621(675)
67607(689)
67608(719)
67610(656+ 4)
67611(666)
67613(664)
66679(666)
66692(758)
66698(760)
66709(750)
66711(707)
66463(760)
66474(674)
66483(723)
66484(738)
66488(700)
66489(761)
66493(740)
66510(666)
66513(677)
66522(681)
66616(742)
66621(707)
66657(663)
66665(764)
66666(719)
66527(656+ 4)
66530(715)
66532(755)
66602(666)
66611(696)
67631(677)
67634(690)
68001(717)
68003(701)
68004(744)
71501(724)
71502(708)
72028(688)
72037(716)
72513(690)
69654(686)
69655(708)
70513(659+ 1)
70520(697)
70802(710)
72518(697)
72526(678)
72553(707)
73012(722)
73017(713)
69627(663)
69634(666)
69642(721)
69643(681)
69651(761)
68027(700)
68029(717)
68030(694)
68308(742)
68706(675^ 3)
68010(757)
68014(689)
68019(698)
68024(655+ 5)
68025(687)
68707(746)
68709(741)
68714(701)
68715(672)
68719(667^ 2)
69613(669)
69616(726^ 3)
69618(670)
69621(663)
69623(679)
69007(663)
69208(662)
69215(675)
69233(693)
69601(719)
65774(727)
65777(706)
65779(754)
65780(720)
65814(665)
65675(659+ 1)
65676(713)
65677(743)
65753(679)
65773(656+ 4)
65855(749)
65857(717)
65858(655+ 5)
65864(660)
65869(676)
65892(668)
65900(754)
65906(707)
65909(709)
65911(678)
65877(683)
65879(691)
65882(754)
65883(762)
65885(656+ 4)
65652(657+ 3)
65655(688)
65660(713)
65670(657+ 3)
65672(704)
65501(684)
65506(657+ 3)
65508(742)
65511(762)
65513(689)
66428(712)
66430(696)
66433(707)
66452(721)
66460(675)
65528(670)
65530(694)
65532(684)
65539(740)
65540(667)
65572(704)
65574(657+ 3)
65576(675)
65586(722)
65588(764)
65545(661)
65550(697)
65551(742)
65554(724)
65558(748)
65912(759)
65913(658+ 2)
65914(656+ 4)
65917(709)
65918(763)
66214(734)
66216(733)
66227(728)
66230(693)
66233(747)
66176(764)
66180(743)
66183(733)
66205(705)
66206(751)
66248(734)
66250(674)
66258(664)
66262(740)
66268(664)
66402(731)
66409(713)
66410(665)
66420(665)
66426(722)
66275(744)
66279(750)
66281(737)
66353(679)
66357(670)
66132(717)
66143(710)
66145(670)
66156(736)
66162(658+ 2)
66009(669)
66018(706)
66019(691)
66027(729)
66033(760)
65933(664)
65966(677)
65972(695)
65973(713)
66003(723)
66036(657+ 3)
66038(714)
66047(668)
66058(684)
66060(717)
66085(701)
66105(656+ 4)
66113(678)
66115(719)
66130(758)
66070(755)
66075(764)
66080(671)
66081(756)
66082(711)
4
41887(574)
41890(581)
41916(593)
41921(554)
41924(565^ 2)
41858(564)
41863(627)
41869(584)
41882(557)
41886(552)
41925(605)
41928(590)
41931(601)
41932(570)
41933(630)
41945(653)
41946(641)
41948(593)
41958(626)
41961(581)
41934(599)
41935(553)
41936(574)
41943(641)
41944(601)
41795(599)
41800(595)
41810(571^ 2)
41854(575)
41856(573)
41579(623)
41602(578)
41629(592)
41642(614)
41646(578)
41707(634)
41708(632)
41714(576)
41715(631)
41756(621)
41779(581)
41780(570)
41787(624)
41788(638)
41791(625)
41758(596)
41762(569)
41766(556)
41768(593)
41774(584)
41980(561)
42102(559)
42104(558)
42106(617)
42157(583)
42508(568)
42514(624)
42558(624)
42559(654)
42568(571)
42391(629)
42394(584)
42502(579)
42505(597)
42507(560)
42569(593)
43015(589^ 1)
43205(649)
43206(579^ 2)
43215(547+ 3)
42357(597)
42360(626)
42371(648)
42372(555)
42379(559)
42204(570)
42212(583)
42214(559)
42216(566)
42217(566)
42168(555)
42169(557)
42170(548+ 2)
42172(604)
42203(605)
42219(604)
42224(583)
42228(546+ 4)
42233(645)
42238(635)
42253(575)
42255(553)
42262(583)
42304(588)
42354(634)
42242(640)
42243(595)
42244(641)
42249(560)
42250(563)
41125(630)
41128(546+ 4)
41136(576)
41166(570)
41168(580)
41171(638)
41173(576)
41174(558)
41175(594)
41191(557)
41254(591)
41258(577)
41262(615)
41265(578)
41266(608)
41106(613)
41113(575)
41120(550)
41121(628)
41124(633)
41490(570)
41493(562)
41494(595)
41567(634)
41569(548+ 2)
41002(601)
41011(571)
41012(649)
41018(653)
41029(545+ 5)
41036(579)
41054(581)
41063(621)
41068(547+ 3)
41105(563)
41267(559)
41270(585)
41274(561)
41280(632)
41282(647)
41382(616)
41383(578)
41385(624)
41387(653)
41388(591)
41409(649)
41452(630)
41453(546+ 4)
41457(649)
41458(632)
41459(636)
41464(640)
41471(589)
41477(652)
41484(619)
41363(545+ 5)
41373(567)
41375(573)
41378(611)
41379(587)
41288(572)
41300(582)
41301(624)
41308(646)
41310(632)
41314(581)
41315(573)
41317(545+ 5)
41319(640)
41351(615)
41353(582)
41358(565)
41359(577)
41360(602)
41362(587)
Grade : C
75032(707)
75506(721)
75513(746)
76012(708)
76025(710)
73553(679^ 1)
74022(737)
74026(709)
74501(695)
75015(751)
73022(750)
73028(681)
73512(712)
73534(662)
73547(666)
79042(735)
79045(714)
79047(707)
79048(758)
79049(708)
80020(677)
80034(762)
83001(685)
84903(660^ 1)
77030(710)
77031(705)
77039(665)
77059(671)
77062(698)
78005(714)
78515(704)
79007(720)
79013(696)
79038(747)
5
65291(581^ 2)
65296(647)
65297(551)
65352(566)
65358(648)
65271(545+ 5)
65281(654)
65282(643)
65284(593)
65288(625)
65360(576)
65364(563)
65365(591)
65366(584)
65369(602)
65380(649)
65381(620)
65387(604)
65390(636)
65397(612)
65371(558)
65374(570)
65375(625)
65377(618)
65379(612)
65243(647)
65253(578)
65258(647)
65262(618)
65267(644)
65108(579)
65111(648)
65112(620)
65113(623)
65152(608)
65156(605)
65164(550^ 2)
65167(560)
65169(578)
65171(584)
65196(558)
65202(615)
65209(595)
65212(561)
65227(621)
65174(577)
65175(561)
65176(595)
65178(629)
65195(650)
65405(560)
65406(604)
65408(632)
65409(653)
65412(604)
65580(605)
65581(575)
65589(599)
65591(585)
65597(580)
65557(606)
65561(590)
65562(642)
65573(594)
65579(609)
65654(637)
65665(629)
65667(632)
65671(548+ 2)
65673(573)
65529(574)
65531(634)
65535(592)
65546(568)
65556(605)
65421(606)
65422(610)
65423(547+ 3)
65433(620)
65435(588)
65414(623)
65415(592)
65416(574^ 1)
65417(554^ 2)
65420(591)
65437(568)
65448(585)
65449(587)
65458(640)
65462(583)
65479(609)
65503(563)
65504(585)
65520(612)
65527(650)
65464(563)
65465(581)
65466(588)
65469(623)
65472(595)
45813(634)
45814(611)
45817(571)
45818(597)
46003(615^ 1)
45033(567)
45601(572)
45602(578)
45603(641)
45803(628)
46207(582)
46210(587)
46405(586)
46604(603)
46609(581)
47514(634)
47517(573)
47526(576)
47529(594)
47532(556)
46610(571)
46613(597)
47007(563)
47508(623)
47509(595)
45001(575)
45009(557^ 3)
45013(613)
45020(565)
45029(546+ 4)
43409(653)
43419(601)
43422(561)
43423(653)
43426(634)
65082(651)
65085(608)
65087(547+ 3)
65103(579^ 2)
65104(652)
43602(611)
43620(559)
43623(573)
43629(619)
44002(603)
44604(559^ 1)
44607(628)
44610(622)
44611(593^ 2)
44613(553)
44205(594)
44402(568)
44405(567)
44406(606)
44409(549+ 1)
48010(639)
48016(585)
48021(591)
48022(591)
48036(618)
55014(546+ 4)
56405(619)
56606(562)
56804(601)
56813(547+ 3)
53044(572)
53503(647)
54016(584)
54017(579)
54020(582)
57802(600)
60402(566)
65004(571)
65009(654)
65014(630)
65057(630)
65059(562)
65063(547+ 3)
65076(636)
65078(623)
65016(555^ 1)
65017(615)
65018(560)
65031(611)
65038(548+ 2)
53006(639)
53015(636)
53020(584)
53030(567)
53033(563)
49008(637)
50007(646)
50015(566)
50020(568)
51005(562^ 3)
48513(579)
48514(552)
48517(592)
48528(641)
48531(546+ 4)
51023(573)
51024(631)
51028(571)
51608(550)
51616(651)
51683(565)
51684(553)
51688(557)
52506(567)
52514(580)
51623(623)
51636(554)
51640(559)
51644(545+ 5)
51679(606)
6
66619(560)
66623(626)
66624(651)
66651(560)
66658(631)
66601(551)
66606(592)
66609(563)
66610(624)
66617(631)
66664(576)
66667(649)
66688(571)
66689(570)
66690(642)
67006(651)
67010(606)
67027(571)
67303(561)
67307(614^ 3)
66693(646)
66695(572)
66703(555)
66712(638)
66787(620)
66524(560)
66528(611)
66531(622)
66536(608)
66539(559)
66434(608)
66455(612)
66456(563)
66458(621)
66459(587)
66461(552)
66462(591)
66464(644)
66466(633)
66467(623)
66502(564)
66503(633)
66505(577)
66518(639)
66523(641)
66468(578)
66481(601)
66486(576)
66497(607)
66498(617)
67314(582)
67321(629)
67327(598)
67601(581)
67606(654)
69003(561)
69006(614)
69008(617)
69201(581)
69209(599)
68704(585)
68711(609)
68713(603^ 3)
68717(579^ 2)
69002(590)
69214(553)
69602(596)
69604(619)
69605(604)
69606(590^ 3)
68306(576)
68309(592)
68311(630)
68701(564)
68702(572)
67626(602)
67627(637)
67628(624)
67629(646)
67632(592)
67609(624)
67612(600)
67615(633)
67623(585^ 2)
67624(574^ 2)
67633(561)
67635(559)
68002(642)
68005(640)
68006(590)
68021(597)
68023(551)
68026(615)
68028(592^ 2)
68032(646)
68011(635)
68013(636)
68016(651)
68017(645)
68020(653)
65925(639)
65926(572)
65931(586)
65932(607)
65961(585)
65897(612)
65910(558)
65920(598)
65921(639)
65923(605)
65967(545+ 5)
65971(596)
65974(653)
65975(573)
65977(548+ 2)
66016(606)
66024(637)
66028(571)
66032(586)
66039(590)
65987(638)
65988(637)
66004(645)
66006(572)
66013(646)
65886(558)
65888(577)
65891(631)
65893(622)
65895(595)
65674(645)
65680(565)
65681(653)
65691(568)
65755(653)
66406(552^ 2)
66408(631)
66414(590)
66418(608)
66429(652)
65775(642)
65776(558)
65785(601)
65789(587)
65790(630)
65861(598)
65862(646)
65866(581)
65870(628)
65880(630)
65796(549+ 1)
65797(582)
65800(606)
65805(609)
65807(573)
66040(635)
66041(581)
66048(647)
66053(558)
66054(615)
66221(565)
66225(590)
66229(644)
66232(643)
66239(618)
66209(578)
66212(597)
66215(599)
66217(603)
66220(653)
66243(599)
66254(603)
66255(602)
66259(565)
66260(607)
66274(601)
66282(611)
66354(566)
66355(627)
66405(575)
66261(608)
66266(575)
66269(642)
66270(654)
66273(548+ 2)
66187(626)
66191(555)
66192(565)
66193(567)
66196(576)
66106(621)
66112(577)
66116(642)
66125(596)
66127(555)
66057(607)
66059(545+ 5)
66066(610)
66103(605)
66104(635)
66129(548+ 2)
66131(579)
66133(592)
66134(560)
66135(578)
66154(560)
66155(620)
66161(606)
66178(624)
66185(618)
66138(638)
66141(588)
66144(580)
66148(620)
66150(634)
7
41172(451)
41252(482)
41256(532^ 1)
41257(473^ 1)
41259(471)
41131(460)
41132(509)
41134(464)
41145(448^ 3)
41162(523)
41273(481)
41275(484)
41276(439+ 1)
41277(521)
41278(535)
41261(482)
41263(518)
41269(458^ 2)
41271(465)
41272(454)
41035(469)
41044(530)
41045(493)
41053(458^ 3)
41060(451^ 2)
41005(469^ 3)
41008(480^ 5)
41013(534^ 2)
41022(452)
41023(447^ 1)
41101(456)
41107(463)
41109(515)
41118(505)
41129(530)
41065(533)
41070(514)
41071(488)
41072(440^ 2)
41076(440^ 3)
41287(438+ 2)
41290(492^ 1)
41305(518^ 1)
41312(522)
41318(471)
41411(532^ 1)
41463(441)
41465(528)
41472(531)
41475(477)
41357(464)
41361(478^ 2)
41364(460)
41366(494)
41367(533)
41320(495)
41321(519)
41322(494)
41324(544)
41352(503)
41402(437+ 3)
41405(529)
41407(473)
41408(473)
41410(532)
41368(477)
41369(526)
41381(476)
41386(530)
41399(543)
Grade : D
79041(576)
79050(647)
80002(554)
80013(548+ 2)
80022(558)
79001(559)
79003(590)
79012(577)
79031(638)
79033(633)
80026(547+ 3)
80032(569)
80035(549+ 1)
83207(547+ 3)
83211(549+ 1)
85801(596)
85802(579)
87001(549+ 1)
88802(563)
89201(617)
83410(621)
83603(586)
84203(574)
84209(563)
84927(604)
77069(591)
77070(578)
78004(618)
78006(587)
78514(648)
72512(552)
72527(568)
72528(603)
72534(592)
72537(558)
72036(556)
72044(630)
72045(562)
72046(599)
72505(552^ 1)
72538(651)
72542(566)
72546(628)
73004(556)
73005(643)
73027(605)
73030(636)
73032(602)
73035(623)
73036(647)
73008(641)
73013(612)
73015(621)
73023(643)
73025(551)
71012(568)
71503(615)
71504(645)
71505(619)
72012(614)
69632(572^ 2)
69635(579)
69636(597)
69640(584)
69641(652)
69608(600)
69611(607)
69624(597)
69626(597^ 1)
69630(614)
69644(654)
69646(578)
69647(645)
69650(585^ 1)
69656(641)
70509(625)
70510(641)
70514(651)
70517(573)
70518(596)
70305(576)
70306(624)
70501(616)
70502(649)
70508(630)
76016(634)
76042(560)
76044(601)
77003(568)
77004(562)
75512(570)
75514(564)
75515(597)
76009(608)
76015(652)
77017(562)
77027(623)
77029(640)
77034(653)
77036(628)
77055(556)
77058(576)
77060(648)
77067(621)
77068(590)
77037(644)
77038(599)
77042(600)
77043(651)
77044(652)
75021(553)
75024(545+ 5)
75028(555^ 1)
75031(630^ 1)
75507(578)
73527(630)
73529(580)
73530(559)
73535(604)
73544(632)
73037(596)
73040(582)
73044(626)
73520(585^ 1)
73526(624)
73546(630)
73548(555)
73549(636)
74008(586)
74011(557)
75008(552)
75013(635)
75017(632)
75019(576)
75020(556)
74017(605)
74020(621)
74506(583)
74508(653)
74512(602)
8
47523(529)
47527(518)
47533(478)
47536(501)
47540(478)
47029(510)
47504(524)
47506(512)
47507(497)
47518(474)
47543(528^ 3)
47549(542)
47550(475)
48004(513)
48011(543)
48035(525)
48512(508)
48516(444^ 3)
48521(495)
48523(534)
48023(488)
48026(522)
48030(532^ 2)
48032(496)
48034(521)
47014(491)
47018(470)
47023(475^ 4)
47025(532)
47026(472)
43424(529^ 1)
43603(510^ 3)
43605(549^ 2)
43612(525^ 3)
43627(529)
43807(501^ 6)
44006(504)
44010(481)
44014(504)
44015(529)
45819(539)
46406(538)
46602(537^ 3)
47008(539)
47009(496)
44609(478^ 4)
44612(518)
45018(544)
45030(493)
45047(510)
48525(515)
48527(459)
48532(452)
48534(496)
48535(510)
54009(526)
54018(508^ 3)
54023(515)
54028(455^ 1)
54036(524)
53008(530)
53014(520)
53028(521^ 1)
53037(479)
53045(481)
55003(526)
55005(526)
55006(530)
55007(471^ 2)
56003(440)
52502(514)
52505(469)
52507(492)
52509(498)
52512(473)
50006(529)
50011(490)
50012(520^ 3)
50016(459^ 3)
50503(463)
48540(496)
49012(442)
49014(521)
49019(464^ 3)
50005(457)
50505(448)
50508(503^ 2)
50512(499)
51020(496)
51022(499^ 2)
51634(469^ 1)
51635(528)
51641(462^ 3)
51660(511)
51667(510)
51027(446^ 5)
51611(527)
51615(511)
51622(443^ 4)
51624(544)
41760(534)
41764(509)
41770(541)
41773(515)
41775(452)
41709(471)
41716(504)
41717(513)
41718(507)
41757(442^ 2)
41785(464^ 3)
41793(457)
41796(435+ 5)
41799(469)
41801(454)
41812(467)
41813(441^ 3)
41851(542)
41852(500)
41860(468)
41803(508)
41804(492)
41805(491)
41807(489)
41809(462)
41622(456)
41641(541)
41644(463)
41647(501)
41702(481^ 1)
41478(496)
41492(501)
41558(448)
41563(476^ 5)
41574(538)
43203(511^ 2)
43212(498)
43216(514)
43416(537)
43417(508)
41575(502)
41577(435+ 5)
41583(509)
41584(474)
41585(487)
41610(496)
41611(451^ 1)
41615(470^ 1)
41616(531)
41617(498)
41601(537)
41603(508)
41605(496)
41606(491)
41607(485)
41866(445^ 2)
41867(491)
41870(526)
41872(534)
41874(513)
42234(435+ 5)
42236(511)
42254(492)
42256(500)
42257(502)
42209(447)
42210(513)
42221(524)
42222(481^ 1)
42227(534)
42258(519)
42353(485)
42359(540)
42361(502)
42365(439+ 1)
42388(495)
42389(528)
42461(488)
42510(494)
42515(500)
42369(487^ 2)
42377(535^ 3)
42382(452^ 2)
42383(472)
42387(476)
42164(523)
42165(450)
42166(463)
42201(481)
42207(541)
41883(523)
41884(476)
41888(516)
41891(487)
41899(481^ 1)
41875(495)
41877(493)
41878(457)
41880(456)
41881(481)
41904(449)
41911(524)
41917(493)
41920(549^ 2)
41942(531^ 3)
41991(544)
41993(451)
42152(518)
42156(537)
42160(502)
41949(467^ 2)
41967(448^ 3)
41979(535)
41983(446^ 3)
41984(509)
9
65786(541)
65795(500^ 1)
65803(538)
65806(485)
65808(487)
65761(514)
65762(502)
65764(501)
65770(492)
65782(469^ 2)
65809(473)
65813(510)
65815(464)
65853(508)
65859(539)
65904(541)
65907(501)
65919(493^ 2)
65928(524)
65935(496)
65860(455^ 3)
65878(470^ 1)
65884(526)
65887(518)
65901(538)
65752(457)
65756(472)
65757(459^ 1)
65758(536)
65759(500)
65563(443)
65564(494)
65565(505)
65568(473)
65570(465)
65571(459^ 2)
65575(494)
65578(526)
65583(511)
65590(458)
65661(448)
65664(523)
65688(461)
65702(522)
65703(475^ 1)
65593(485)
65594(488^ 3)
65653(462^ 4)
65656(499^ 3)
65658(505)
65965(518)
65969(471^ 2)
65980(529)
65985(537)
66001(494)
66151(499)
66152(485)
66157(544)
66159(543)
66164(511)
66126(517)
66142(452)
66146(454^ 2)
66147(476^ 2)
66149(474)
66169(451)
66181(512)
66182(529)
66194(480^ 4)
66199(492)
66118(470)
66120(443)
66121(492)
66123(520)
66124(491)
66025(456^ 1)
66030(521)
66031(479)
66034(441)
66043(457)
66005(537)
66007(441)
66011(444)
66014(529)
66023(504)
66044(498)
66061(462^ 1)
66062(482)
66064(439+ 1)
66065(502)
66107(538)
66108(444^ 2)
66111(540)
66114(525)
66117(538)
66068(543)
66072(526)
66073(456)
66077(518)
66102(452)
63001(473^ 2)
65001(525)
65002(517)
65007(507)
65012(522)
58802(508)
59201(451)
60201(477^ 1)
61001(474)
61201(491)
65013(529)
65024(452^ 1)
65036(488^ 1)
65039(464)
65045(514)
65084(512)
65086(536)
65092(539)
65094(511)
65097(489^ 3)
65051(519)
65055(518)
65067(518)
65073(540)
65075(537)
57804(491)
57807(472)
58205(449)
58601(499)
58801(531)
56401(499)
56402(447)
56403(468)
56406(493)
56408(444)
65523(501)
65533(522)
65536(523)
65541(524)
65544(465^ 2)
56409(495)
56603(509)
56604(438+ 2)
56607(444)
56608(476)
57209(438+ 2)
57401(508)
57404(451)
57605(440)
57608(449)
57203(442)
57204(436+ 4)
57205(513)
57206(445)
57208(466^ 3)
65100(471)
65102(467)
65114(514)
65115(528)
65157(510^ 3)
65410(494)
65418(509)
65424(523)
65438(535)
65450(523)
65392(495^ 1)
65393(508)
65396(518)
65399(510)
65401(537)
65451(515)
65457(452)
65459(486)
65460(487)
65467(474)
65502(480)
65509(460)
65516(493)
65517(464)
65519(477)
65471(509)
65473(515)
65474(449)
65475(520)
65476(517^ 1)
65363(534)
65370(522)
65376(535)
65388(476)
65391(479)
65182(542)
65183(489)
65186(469)
65189(503^ 1)
65197(519^ 3)
65159(533^ 3)
65165(471^ 2)
65172(531)
65173(494^ 1)
65179(511^ 2)
65201(531)
65203(464^ 3)
65205(518)
65206(487)
65207(477^ 1)
65353(479)
65354(541)
65355(500)
65359(543^ 3)
65361(534)
65270(518)
65273(468^ 3)
65275(515)
65279(482)
65351(467^ 1)
10
41051(437^ 1)
41052(405^ 3)
41077(429^ 1)
41108(433)
41116(405)
Grade : E
79035(465)
80005(447)
80012(517)
80014(525)
80028(471^ 3)
79017(498)
79020(477)
79022(445^ 3)
79025(449)
79030(516)
83203(496)
83209(521)
83210(493)
83213(473^ 2)
83406(521)
80037(460)
80501(503^ 1)
83004(534)
83007(446)
83009(473)
78520(545^ 2)
79004(529)
79005(535^ 2)
79006(540)
79014(523)
77014(487)
77019(519)
77021(438+ 2)
77022(522^ 2)
77023(532)
76014(530)
76027(517)
76035(461)
76036(486)
77009(440^ 2)
77050(439+ 1)
77052(538)
77056(503)
77064(455)
78007(543)
77032(518)
77035(468)
77040(510)
77045(504)
77047(507)
84922(480)
84926(495)
84929(505)
84930(523)
85201(544)
84916(475)
84917(502^ 2)
84918(502)
84919(463)
84920(517)
86401(448)
88401(521)
88803(492^ 1)
88804(466)
89801(448^ 2)
85402(452^ 2)
85403(463)
85606(475)
85607(488)
85608(498)
84902(468^ 2)
84906(533)
84910(471)
84912(471)
84915(482^ 3)
83417(540)
83602(513)
83605(540)
83609(484)
83610(479)
83407(500)
83409(465)
83413(463)
83414(486)
83416(463)
84602(452)
84605(526)
84606(508)
84608(469)
84901(471)
83803(488)
83806(500)
84002(473)
84201(452)
84207(480)
75010(510)
75012(512)
75034(440)
75504(494)
75518(496)
66607(538)
66652(471)
66654(513)
66655(449)
66659(476)
66521(465)
66525(518)
66535(475)
66603(537)
66605(518)
66661(455^ 3)
66668(481)
66670(532)
66671(471)
66672(483^ 2)
67009(449^ 1)
67305(525)
67312(508)
67323(502)
67324(528)
66680(526)
66696(530)
66699(532)
66702(491)
67003(518)
66480(494)
66482(496)
66494(536)
66511(540)
66520(534)
66211(522)
66218(502)
66219(457^ 3)
66223(455)
66224(504)
66201(512)
66202(528)
66203(472)
66204(517)
66210(538)
66234(496)
66235(486)
66240(510)
66244(527)
66245(532)
66407(481)
66413(505)
66419(460)
66425(529)
66470(538^ 1)
66264(461)
66283(474^ 3)
66352(492)
66356(458^ 3)
66401(542)
73528(493)
73532(489)
73539(451)
73556(485)
73557(515^ 2)
73011(540)
73024(538)
73043(536)
73510(496)
73522(472)
74014(435+ 5)
74021(535)
74023(470^ 2)
74025(453)
74504(454^ 2)
74518(469)
74521(526)
74522(528)
74523(481^ 3)
75007(541)
74507(491)
74509(469)
74513(514)
74514(447)
74515(460)
72521(483)
72523(455)
72545(483)
72547(540)
72559(477^ 1)
68703(534^ 3)
69609(528^ 3)
69629(528)
69637(530)
70301(481^ 4)
67325(542)
68313(501^ 3)
68508(517^ 1)
68509(505^ 3)
68510(524^ 3)
70504(529^ 2)
70506(537)
70511(539)
71004(445^ 5)
71008(495)
72041(503)
72042(513)
72043(516)
72515(522)
72520(493)
71011(505)
71013(472)
72020(507)
72022(487)
72038(475)
11
65684(426^ 3)
65701(435^ 3)
65760(436^ 2)
65902(431^ 1)
66002(415)
66074(439^ 1)
66122(427)
66171(429^ 5)
66173(429^ 1)
66226(415)
84402(438^ 1)
84921(432^ 1)
85605(379)
85610(436^ 2)
56812(411)
57003(429)
57607(415)
57808(417)
65651(439^ 1)
66423(417^ 1)
66457(397)
66465(412)
66514(425^ 2)
66533(414)
83402(408^ 2)
83604(426^ 1)
83615(417)
83616(439^ 3)
83619(400)
83805(385)
83807(418)
84001(425)
84004(434)
84007(412)
66660(433)
66707(435^ 4)
66714(390^ 3)
72013(421)
73007(430)
73045(391)
73508(430)
78507(387)
80031(378)
80033(394^ 1)
41483(409)
41587(434^ 3)
41701(430)
41761(406^ 4)
41763(413^ 2)
41771(422)
41855(425^ 4)
41857(418^ 1)
41951(422)
42171(427^ 3)
56002(427^ 2)
56205(434^ 3)
56605(428)
56806(407)
56809(429^ 3)
41141(432^ 3)
41146(436^ 1)
41163(379^ 4)
41451(413^ 2)
41462(424)
42351(430)
42363(390^ 4)
42386(392^ 2)
43420(435^ 2)
47015(429)
50017(409^ 5)
51649(432^ 5)
51664(434^ 5)
53036(401)
53040(418)
54010(434)
54011(392)
54014(411)
54502(368^ 5)
54504(375)
47021(386)
47530(429)
47545(420)
47547(439^ 1)
48012(395^ 1)
48544(432)
49011(430^ 2)
49505(413)
49516(425)
49517(434)
72002(447/800)
72003(309/600)
72502(611/800)
72503(559/800)
72504(583/800)
79509(407/600)
74003(378/600)
74004(354/600)
75501(288/450)
78501(517/800)
79501(521/800)
73001(492/800)
73002(440/800)
73502(509/800)
73503(343/600)
73542(409/800)
47002(353/600)
47501(259/450)
47503(417/800)
47539(489/800)
48001(456/800)
51670(349/600)
51678(435/600)
54002(238/450)
54015(437/800)
72001(532/800)
49508(324/600)
50002(370/600)
51003(189/450)
51602(364/600)
51603(372/600)
48029(502/800)
48501(483/800)
48502(331/600)
48503(457/600)
49502(275/600)
PASS
