With 
                  Held
URL: https://www.biek.edu.pk/Result-2022/Part-II/CMP/With-Held%20&%20UFM%20Page%20CMP-PART-II-2022-ANNUAL.pdf
Source: https://www.biek.edu.pk/LastResults.asp

09
Result of the following Roll Numbers will be declared later when the cases for resort to unfair means are
decided by the B.O.G.
512373
516005
525015
527504
536511
537716
537733
548503
548521
548524
548528
548530
556803
558822
Marks Statement of the following candidates are WITH-HELD for want of Computerized Registration Card.
512248
512691
513245
513246
513247
513265
513693
514167
514572
515023
515035
515052
515511
515541
516001
516505
516509
516531
516543
516549
516551
517004
517034
517035
517521
517524
518015
518017
519038
519040
519041
519502
519523
519538
519543
519547
519549
519551
519552
519559
519561
521002
521006
521018
521030
521040
521042
521045
521047
521501
521504
522014
522019
523001
525503
525506
525518
526519
527013
527018
527503
527508
527511
528007
529012
529019
529519
529522
531003
531007
531503
532005
535007
535014
535016
535017
535019
535303
535310
535311
535318
535319
535609
535610
535913
535921
536506
536806
537412
537414
537712
537715
537721
537728
537738
538308
538309
538611
538625
538628
538902
538905
538906
539208
539211
539805
540205
540208
540210
540211
540409
540507
540509
540604
540612
541203
541607
541608
541609
541802
541809
541810
542402
542405
544011
544019
544021
544024
544025
544505
544506
544509
544514
544518
545019
545020
545021
545023
545024
545025
545501
545503
545507
545512
545513
545574
546003
546005
546012
546013
546502
546505
547008
547501
547502
548002
548015
548017
548018
548021
548022
548024
548025
548026
548515
548522
548529
549501
549503
550008
550009
551001
551014
551015
551201
551402
552008
552304
552305
552601
552901
552904
554101
554408
554409
554705
554706
554709
555602
555605
555606
559203
559501
********
Marks Statement of the following candidates are WITH-HELD for want of Renewal of Registration Card.
515014
516536
517036
517511
518001
519039
519515
527017
531019
531024
------------xxxxxxxx------------
